#  PROBE RESULTS (THIS IS A MAGIC LINE)
# ---------------------------------------------------------------------------
# Evaluation: PDF
# ---------------------------------------------------------------------------
#  Name: ip.endToEnd.packet.outgoing.delay_PDF
#  Description: No descripton available
# ---------------------------------------------------------------------------
#  No active probe
# ---------------------------------------------------------------------------
#  Common Statistics 
#  Minimum: 0.0001218
#  Maximum: 0.1243653
#  Trials: 13776
#  Mean: 0.0272886
# 
#  Variance: 0.0003143
#  Relative variance: 0.4220503
#  Coefficient of variation: 0.6496540
#  Standard deviation: 0.0177282
#  Relative standard deviation: 0.6496540
# 
#  Skewness: 0.8340088
# 
#  2nd moment: 0.0010589
#  3rd moment: 0.0000507
# 
#  Sum of all values: 375.9283677
#  (Sum of all values)^2: 14.5878965
#  (Sum of all values)^3: 0.6983821
# -----------------------------------------------------------
# PDF statistics 
#  Left border of x-axis: 0
#  Right border of x-axis: 1
#  Resolution of x-axis: 1000
# -----------------------------------------------------------
# PDF data 
#  Underflows: 0
#  Underflows in percent: 0
#  Overflows: 0
#  Overflows in percent: 0
# -----------------------------------------------------------
# 
# x             F(x)            G(x)            P(x)
# 
0.0000000           0.0406504       0.9593496       0.0406504
0.0010000           0.0609756       0.9390244       0.0203252
0.0020000           0.0724448       0.9275552       0.0114692
0.0030000           0.0731707       0.9268293       0.0007259
0.0040000           0.0755662       0.9244338       0.0023955
0.0050000           0.0797038       0.9202962       0.0041376
0.0060000           0.0865273       0.9134727       0.0068235
0.0070000           0.0995935       0.9004065       0.0130662
0.0080000           0.1196283       0.8803717       0.0200348
0.0090000           0.1501887       0.8498113       0.0305604
0.0100000           0.1859756       0.8140244       0.0357869
0.0110000           0.2308362       0.7691638       0.0448606
0.0120000           0.2646632       0.7353368       0.0338269
0.0130000           0.2688008       0.7311992       0.0041376
0.0140000           0.2744628       0.7255372       0.0056620
0.0150000           0.2837544       0.7162456       0.0092915
0.0160000           0.2981272       0.7018728       0.0143728
0.0170000           0.3151858       0.6848142       0.0170587
0.0180000           0.3371806       0.6628194       0.0219948
0.0190000           0.3675958       0.6324042       0.0304152
0.0200000           0.4074477       0.5925523       0.0398519
0.0210000           0.4661005       0.5338995       0.0586527
0.0220000           0.5046458       0.4953542       0.0385453
0.0230000           0.5087834       0.4912166       0.0041376
0.0240000           0.5147358       0.4852642       0.0059524
0.0250000           0.5220674       0.4779326       0.0073316
0.0260000           0.5323026       0.4676974       0.0102352
0.0270000           0.5455865       0.4544135       0.0132840
0.0280000           0.5644599       0.4355401       0.0188734
0.0290000           0.5912456       0.4087544       0.0267857
0.0300000           0.6263792       0.3736208       0.0351336
0.0310000           0.6754501       0.3245499       0.0490708
0.0320000           0.7077526       0.2922474       0.0323026
0.0330000           0.7131243       0.2868757       0.0053717
0.0340000           0.7198026       0.2801974       0.0066783
0.0350000           0.7262631       0.2737369       0.0064605
0.0360000           0.7342480       0.2657520       0.0079849
0.0370000           0.7445557       0.2554443       0.0103078
0.0380000           0.7577671       0.2422329       0.0132114
0.0390000           0.7721400       0.2278600       0.0143728
0.0400000           0.7923926       0.2076074       0.0202526
0.0410000           0.8193961       0.1806039       0.0270035
0.0420000           0.8395035       0.1604965       0.0201074
0.0430000           0.8449477       0.1550523       0.0054443
0.0440000           0.8487224       0.1512776       0.0037747
0.0450000           0.8514808       0.1485192       0.0027584
0.0460000           0.8551103       0.1448897       0.0036295
0.0470000           0.8606272       0.1393728       0.0055168
0.0480000           0.8675232       0.1324768       0.0068961
0.0490000           0.8769599       0.1230401       0.0094367
0.0500000           0.8871951       0.1128049       0.0102352
0.0510000           0.9037456       0.0962544       0.0165505
0.0520000           0.9176103       0.0823897       0.0138647
0.0530000           0.9218206       0.0781794       0.0042102
0.0540000           0.9252323       0.0747677       0.0034117
0.0550000           0.9278455       0.0721545       0.0026132
0.0560000           0.9306765       0.0693235       0.0028310
0.0570000           0.9348868       0.0651132       0.0042102
0.0580000           0.9387340       0.0612660       0.0038473
0.0590000           0.9439605       0.0560395       0.0052265
0.0600000           0.9507840       0.0492160       0.0068235
0.0610000           0.9592044       0.0407956       0.0084204
0.0620000           0.9658827       0.0341173       0.0066783
0.0630000           0.9681330       0.0318670       0.0022503
0.0640000           0.9695122       0.0304878       0.0013792
0.0650000           0.9709640       0.0290360       0.0014518
0.0660000           0.9728513       0.0271487       0.0018873
0.0670000           0.9742305       0.0257695       0.0013792
0.0680000           0.9757549       0.0242451       0.0015244
0.0690000           0.9774245       0.0225755       0.0016696
0.0700000           0.9794570       0.0205430       0.0020325
0.0710000           0.9828688       0.0171312       0.0034117
0.0720000           0.9854094       0.0145906       0.0025407
0.0730000           0.9864257       0.0135743       0.0010163
0.0740000           0.9875871       0.0124129       0.0011614
0.0750000           0.9883130       0.0116870       0.0007259
0.0760000           0.9892567       0.0107433       0.0009437
0.0770000           0.9902729       0.0097271       0.0010163
0.0780000           0.9907085       0.0092915       0.0004355
0.0790000           0.9911440       0.0088560       0.0004355
0.0800000           0.9916521       0.0083479       0.0005081
0.0810000           0.9931765       0.0068235       0.0015244
0.0820000           0.9945557       0.0054443       0.0013792
0.0830000           0.9952091       0.0047909       0.0006533
0.0840000           0.9958624       0.0041376       0.0006533
0.0850000           0.9962979       0.0037021       0.0004355
0.0860000           0.9965157       0.0034843       0.0002178
0.0870000           0.9967334       0.0032666       0.0002178
0.0880000           0.9967334       0.0032666       0.0000000
0.0890000           0.9968786       0.0031214       0.0001452
0.0900000           0.9976045       0.0023955       0.0007259
0.0910000           0.9978223       0.0021777       0.0002178
0.0920000           0.9978949       0.0021051       0.0000726
0.0930000           0.9980401       0.0019599       0.0001452
0.0940000           0.9980401       0.0019599       0.0000000
0.0950000           0.9981127       0.0018873       0.0000726
0.0960000           0.9981127       0.0018873       0.0000000
0.0970000           0.9982578       0.0017422       0.0001452
0.0980000           0.9982578       0.0017422       0.0000000
0.0990000           0.9982578       0.0017422       0.0000000
0.1000000           0.9983304       0.0016696       0.0000726
0.1010000           0.9984030       0.0015970       0.0000726
0.1020000           0.9986208       0.0013792       0.0002178
0.1030000           0.9986208       0.0013792       0.0000000
0.1040000           0.9986208       0.0013792       0.0000000
0.1050000           0.9987660       0.0012340       0.0001452
0.1060000           0.9992015       0.0007985       0.0004355
0.1070000           0.9994919       0.0005081       0.0002904
0.1080000           0.9994919       0.0005081       0.0000000
0.1090000           0.9994919       0.0005081       0.0000000
0.1100000           0.9994919       0.0005081       0.0000000
0.1110000           0.9994919       0.0005081       0.0000000
0.1120000           0.9994919       0.0005081       0.0000000
0.1130000           0.9994919       0.0005081       0.0000000
0.1140000           0.9996370       0.0003630       0.0001452
0.1150000           0.9997822       0.0002178       0.0001452
0.1160000           0.9997822       0.0002178       0.0000000
0.1170000           0.9997822       0.0002178       0.0000000
0.1180000           0.9998548       0.0001452       0.0000726
0.1190000           0.9998548       0.0001452       0.0000000
0.1200000           0.9998548       0.0001452       0.0000000
0.1210000           0.9998548       0.0001452       0.0000000
0.1220000           0.9998548       0.0001452       0.0000000
0.1230000           0.9998548       0.0001452       0.0000000
0.1240000           1.0000000       0.0000000       0.0001452
0.1250000           1.0000000       0.0000000       0.0000000
0.1260000           1.0000000       0.0000000       0.0000000
0.1270000           1.0000000       0.0000000       0.0000000
0.1280000           1.0000000       0.0000000       0.0000000
0.1290000           1.0000000       0.0000000       0.0000000
0.1300000           1.0000000       0.0000000       0.0000000
0.1310000           1.0000000       0.0000000       0.0000000
0.1320000           1.0000000       0.0000000       0.0000000
0.1330000           1.0000000       0.0000000       0.0000000
0.1340000           1.0000000       0.0000000       0.0000000
0.1350000           1.0000000       0.0000000       0.0000000
0.1360000           1.0000000       0.0000000       0.0000000
0.1370000           1.0000000       0.0000000       0.0000000
0.1380000           1.0000000       0.0000000       0.0000000
0.1390000           1.0000000       0.0000000       0.0000000
0.1400000           1.0000000       0.0000000       0.0000000
0.1410000           1.0000000       0.0000000       0.0000000
0.1420000           1.0000000       0.0000000       0.0000000
0.1430000           1.0000000       0.0000000       0.0000000
0.1440000           1.0000000       0.0000000       0.0000000
0.1450000           1.0000000       0.0000000       0.0000000
0.1460000           1.0000000       0.0000000       0.0000000
0.1470000           1.0000000       0.0000000       0.0000000
0.1480000           1.0000000       0.0000000       0.0000000
0.1490000           1.0000000       0.0000000       0.0000000
0.1500000           1.0000000       0.0000000       0.0000000
0.1510000           1.0000000       0.0000000       0.0000000
0.1520000           1.0000000       0.0000000       0.0000000
0.1530000           1.0000000       0.0000000       0.0000000
0.1540000           1.0000000       0.0000000       0.0000000
0.1550000           1.0000000       0.0000000       0.0000000
0.1560000           1.0000000       0.0000000       0.0000000
0.1570000           1.0000000       0.0000000       0.0000000
0.1580000           1.0000000       0.0000000       0.0000000
0.1590000           1.0000000       0.0000000       0.0000000
0.1600000           1.0000000       0.0000000       0.0000000
0.1610000           1.0000000       0.0000000       0.0000000
0.1620000           1.0000000       0.0000000       0.0000000
0.1630000           1.0000000       0.0000000       0.0000000
0.1640000           1.0000000       0.0000000       0.0000000
0.1650000           1.0000000       0.0000000       0.0000000
0.1660000           1.0000000       0.0000000       0.0000000
0.1670000           1.0000000       0.0000000       0.0000000
0.1680000           1.0000000       0.0000000       0.0000000
0.1690000           1.0000000       0.0000000       0.0000000
0.1700000           1.0000000       0.0000000       0.0000000
0.1710000           1.0000000       0.0000000       0.0000000
0.1720000           1.0000000       0.0000000       0.0000000
0.1730000           1.0000000       0.0000000       0.0000000
0.1740000           1.0000000       0.0000000       0.0000000
0.1750000           1.0000000       0.0000000       0.0000000
0.1760000           1.0000000       0.0000000       0.0000000
0.1770000           1.0000000       0.0000000       0.0000000
0.1780000           1.0000000       0.0000000       0.0000000
0.1790000           1.0000000       0.0000000       0.0000000
0.1800000           1.0000000       0.0000000       0.0000000
0.1810000           1.0000000       0.0000000       0.0000000
0.1820000           1.0000000       0.0000000       0.0000000
0.1830000           1.0000000       0.0000000       0.0000000
0.1840000           1.0000000       0.0000000       0.0000000
0.1850000           1.0000000       0.0000000       0.0000000
0.1860000           1.0000000       0.0000000       0.0000000
0.1870000           1.0000000       0.0000000       0.0000000
0.1880000           1.0000000       0.0000000       0.0000000
0.1890000           1.0000000       0.0000000       0.0000000
0.1900000           1.0000000       0.0000000       0.0000000
0.1910000           1.0000000       0.0000000       0.0000000
0.1920000           1.0000000       0.0000000       0.0000000
0.1930000           1.0000000       0.0000000       0.0000000
0.1940000           1.0000000       0.0000000       0.0000000
0.1950000           1.0000000       0.0000000       0.0000000
0.1960000           1.0000000       0.0000000       0.0000000
0.1970000           1.0000000       0.0000000       0.0000000
0.1980000           1.0000000       0.0000000       0.0000000
0.1990000           1.0000000       0.0000000       0.0000000
0.2000000           1.0000000       0.0000000       0.0000000
0.2010000           1.0000000       0.0000000       0.0000000
0.2020000           1.0000000       0.0000000       0.0000000
0.2030000           1.0000000       0.0000000       0.0000000
0.2040000           1.0000000       0.0000000       0.0000000
0.2050000           1.0000000       0.0000000       0.0000000
0.2060000           1.0000000       0.0000000       0.0000000
0.2070000           1.0000000       0.0000000       0.0000000
0.2080000           1.0000000       0.0000000       0.0000000
0.2090000           1.0000000       0.0000000       0.0000000
0.2100000           1.0000000       0.0000000       0.0000000
0.2110000           1.0000000       0.0000000       0.0000000
0.2120000           1.0000000       0.0000000       0.0000000
0.2130000           1.0000000       0.0000000       0.0000000
0.2140000           1.0000000       0.0000000       0.0000000
0.2150000           1.0000000       0.0000000       0.0000000
0.2160000           1.0000000       0.0000000       0.0000000
0.2170000           1.0000000       0.0000000       0.0000000
0.2180000           1.0000000       0.0000000       0.0000000
0.2190000           1.0000000       0.0000000       0.0000000
0.2200000           1.0000000       0.0000000       0.0000000
0.2210000           1.0000000       0.0000000       0.0000000
0.2220000           1.0000000       0.0000000       0.0000000
0.2230000           1.0000000       0.0000000       0.0000000
0.2240000           1.0000000       0.0000000       0.0000000
0.2250000           1.0000000       0.0000000       0.0000000
0.2260000           1.0000000       0.0000000       0.0000000
0.2270000           1.0000000       0.0000000       0.0000000
0.2280000           1.0000000       0.0000000       0.0000000
0.2290000           1.0000000       0.0000000       0.0000000
0.2300000           1.0000000       0.0000000       0.0000000
0.2310000           1.0000000       0.0000000       0.0000000
0.2320000           1.0000000       0.0000000       0.0000000
0.2330000           1.0000000       0.0000000       0.0000000
0.2340000           1.0000000       0.0000000       0.0000000
0.2350000           1.0000000       0.0000000       0.0000000
0.2360000           1.0000000       0.0000000       0.0000000
0.2370000           1.0000000       0.0000000       0.0000000
0.2380000           1.0000000       0.0000000       0.0000000
0.2390000           1.0000000       0.0000000       0.0000000
0.2400000           1.0000000       0.0000000       0.0000000
0.2410000           1.0000000       0.0000000       0.0000000
0.2420000           1.0000000       0.0000000       0.0000000
0.2430000           1.0000000       0.0000000       0.0000000
0.2440000           1.0000000       0.0000000       0.0000000
0.2450000           1.0000000       0.0000000       0.0000000
0.2460000           1.0000000       0.0000000       0.0000000
0.2470000           1.0000000       0.0000000       0.0000000
0.2480000           1.0000000       0.0000000       0.0000000
0.2490000           1.0000000       0.0000000       0.0000000
0.2500000           1.0000000       0.0000000       0.0000000
0.2510000           1.0000000       0.0000000       0.0000000
0.2520000           1.0000000       0.0000000       0.0000000
0.2530000           1.0000000       0.0000000       0.0000000
0.2540000           1.0000000       0.0000000       0.0000000
0.2550000           1.0000000       0.0000000       0.0000000
0.2560000           1.0000000       0.0000000       0.0000000
0.2570000           1.0000000       0.0000000       0.0000000
0.2580000           1.0000000       0.0000000       0.0000000
0.2590000           1.0000000       0.0000000       0.0000000
0.2600000           1.0000000       0.0000000       0.0000000
0.2610000           1.0000000       0.0000000       0.0000000
0.2620000           1.0000000       0.0000000       0.0000000
0.2630000           1.0000000       0.0000000       0.0000000
0.2640000           1.0000000       0.0000000       0.0000000
0.2650000           1.0000000       0.0000000       0.0000000
0.2660000           1.0000000       0.0000000       0.0000000
0.2670000           1.0000000       0.0000000       0.0000000
0.2680000           1.0000000       0.0000000       0.0000000
0.2690000           1.0000000       0.0000000       0.0000000
0.2700000           1.0000000       0.0000000       0.0000000
0.2710000           1.0000000       0.0000000       0.0000000
0.2720000           1.0000000       0.0000000       0.0000000
0.2730000           1.0000000       0.0000000       0.0000000
0.2740000           1.0000000       0.0000000       0.0000000
0.2750000           1.0000000       0.0000000       0.0000000
0.2760000           1.0000000       0.0000000       0.0000000
0.2770000           1.0000000       0.0000000       0.0000000
0.2780000           1.0000000       0.0000000       0.0000000
0.2790000           1.0000000       0.0000000       0.0000000
0.2800000           1.0000000       0.0000000       0.0000000
0.2810000           1.0000000       0.0000000       0.0000000
0.2820000           1.0000000       0.0000000       0.0000000
0.2830000           1.0000000       0.0000000       0.0000000
0.2840000           1.0000000       0.0000000       0.0000000
0.2850000           1.0000000       0.0000000       0.0000000
0.2860000           1.0000000       0.0000000       0.0000000
0.2870000           1.0000000       0.0000000       0.0000000
0.2880000           1.0000000       0.0000000       0.0000000
0.2890000           1.0000000       0.0000000       0.0000000
0.2900000           1.0000000       0.0000000       0.0000000
0.2910000           1.0000000       0.0000000       0.0000000
0.2920000           1.0000000       0.0000000       0.0000000
0.2930000           1.0000000       0.0000000       0.0000000
0.2940000           1.0000000       0.0000000       0.0000000
0.2950000           1.0000000       0.0000000       0.0000000
0.2960000           1.0000000       0.0000000       0.0000000
0.2970000           1.0000000       0.0000000       0.0000000
0.2980000           1.0000000       0.0000000       0.0000000
0.2990000           1.0000000       0.0000000       0.0000000
0.3000000           1.0000000       0.0000000       0.0000000
0.3010000           1.0000000       0.0000000       0.0000000
0.3020000           1.0000000       0.0000000       0.0000000
0.3030000           1.0000000       0.0000000       0.0000000
0.3040000           1.0000000       0.0000000       0.0000000
0.3050000           1.0000000       0.0000000       0.0000000
0.3060000           1.0000000       0.0000000       0.0000000
0.3070000           1.0000000       0.0000000       0.0000000
0.3080000           1.0000000       0.0000000       0.0000000
0.3090000           1.0000000       0.0000000       0.0000000
0.3100000           1.0000000       0.0000000       0.0000000
0.3110000           1.0000000       0.0000000       0.0000000
0.3120000           1.0000000       0.0000000       0.0000000
0.3130000           1.0000000       0.0000000       0.0000000
0.3140000           1.0000000       0.0000000       0.0000000
0.3150000           1.0000000       0.0000000       0.0000000
0.3160000           1.0000000       0.0000000       0.0000000
0.3170000           1.0000000       0.0000000       0.0000000
0.3180000           1.0000000       0.0000000       0.0000000
0.3190000           1.0000000       0.0000000       0.0000000
0.3200000           1.0000000       0.0000000       0.0000000
0.3210000           1.0000000       0.0000000       0.0000000
0.3220000           1.0000000       0.0000000       0.0000000
0.3230000           1.0000000       0.0000000       0.0000000
0.3240000           1.0000000       0.0000000       0.0000000
0.3250000           1.0000000       0.0000000       0.0000000
0.3260000           1.0000000       0.0000000       0.0000000
0.3270000           1.0000000       0.0000000       0.0000000
0.3280000           1.0000000       0.0000000       0.0000000
0.3290000           1.0000000       0.0000000       0.0000000
0.3300000           1.0000000       0.0000000       0.0000000
0.3310000           1.0000000       0.0000000       0.0000000
0.3320000           1.0000000       0.0000000       0.0000000
0.3330000           1.0000000       0.0000000       0.0000000
0.3340000           1.0000000       0.0000000       0.0000000
0.3350000           1.0000000       0.0000000       0.0000000
0.3360000           1.0000000       0.0000000       0.0000000
0.3370000           1.0000000       0.0000000       0.0000000
0.3380000           1.0000000       0.0000000       0.0000000
0.3390000           1.0000000       0.0000000       0.0000000
0.3400000           1.0000000       0.0000000       0.0000000
0.3410000           1.0000000       0.0000000       0.0000000
0.3420000           1.0000000       0.0000000       0.0000000
0.3430000           1.0000000       0.0000000       0.0000000
0.3440000           1.0000000       0.0000000       0.0000000
0.3450000           1.0000000       0.0000000       0.0000000
0.3460000           1.0000000       0.0000000       0.0000000
0.3470000           1.0000000       0.0000000       0.0000000
0.3480000           1.0000000       0.0000000       0.0000000
0.3490000           1.0000000       0.0000000       0.0000000
0.3500000           1.0000000       0.0000000       0.0000000
0.3510000           1.0000000       0.0000000       0.0000000
0.3520000           1.0000000       0.0000000       0.0000000
0.3530000           1.0000000       0.0000000       0.0000000
0.3540000           1.0000000       0.0000000       0.0000000
0.3550000           1.0000000       0.0000000       0.0000000
0.3560000           1.0000000       0.0000000       0.0000000
0.3570000           1.0000000       0.0000000       0.0000000
0.3580000           1.0000000       0.0000000       0.0000000
0.3590000           1.0000000       0.0000000       0.0000000
0.3600000           1.0000000       0.0000000       0.0000000
0.3610000           1.0000000       0.0000000       0.0000000
0.3620000           1.0000000       0.0000000       0.0000000
0.3630000           1.0000000       0.0000000       0.0000000
0.3640000           1.0000000       0.0000000       0.0000000
0.3650000           1.0000000       0.0000000       0.0000000
0.3660000           1.0000000       0.0000000       0.0000000
0.3670000           1.0000000       0.0000000       0.0000000
0.3680000           1.0000000       0.0000000       0.0000000
0.3690000           1.0000000       0.0000000       0.0000000
0.3700000           1.0000000       0.0000000       0.0000000
0.3710000           1.0000000       0.0000000       0.0000000
0.3720000           1.0000000       0.0000000       0.0000000
0.3730000           1.0000000       0.0000000       0.0000000
0.3740000           1.0000000       0.0000000       0.0000000
0.3750000           1.0000000       0.0000000       0.0000000
0.3760000           1.0000000       0.0000000       0.0000000
0.3770000           1.0000000       0.0000000       0.0000000
0.3780000           1.0000000       0.0000000       0.0000000
0.3790000           1.0000000       0.0000000       0.0000000
0.3800000           1.0000000       0.0000000       0.0000000
0.3810000           1.0000000       0.0000000       0.0000000
0.3820000           1.0000000       0.0000000       0.0000000
0.3830000           1.0000000       0.0000000       0.0000000
0.3840000           1.0000000       0.0000000       0.0000000
0.3850000           1.0000000       0.0000000       0.0000000
0.3860000           1.0000000       0.0000000       0.0000000
0.3870000           1.0000000       0.0000000       0.0000000
0.3880000           1.0000000       0.0000000       0.0000000
0.3890000           1.0000000       0.0000000       0.0000000
0.3900000           1.0000000       0.0000000       0.0000000
0.3910000           1.0000000       0.0000000       0.0000000
0.3920000           1.0000000       0.0000000       0.0000000
0.3930000           1.0000000       0.0000000       0.0000000
0.3940000           1.0000000       0.0000000       0.0000000
0.3950000           1.0000000       0.0000000       0.0000000
0.3960000           1.0000000       0.0000000       0.0000000
0.3970000           1.0000000       0.0000000       0.0000000
0.3980000           1.0000000       0.0000000       0.0000000
0.3990000           1.0000000       0.0000000       0.0000000
0.4000000           1.0000000       0.0000000       0.0000000
0.4010000           1.0000000       0.0000000       0.0000000
0.4020000           1.0000000       0.0000000       0.0000000
0.4030000           1.0000000       0.0000000       0.0000000
0.4040000           1.0000000       0.0000000       0.0000000
0.4050000           1.0000000       0.0000000       0.0000000
0.4060000           1.0000000       0.0000000       0.0000000
0.4070000           1.0000000       0.0000000       0.0000000
0.4080000           1.0000000       0.0000000       0.0000000
0.4090000           1.0000000       0.0000000       0.0000000
0.4100000           1.0000000       0.0000000       0.0000000
0.4110000           1.0000000       0.0000000       0.0000000
0.4120000           1.0000000       0.0000000       0.0000000
0.4130000           1.0000000       0.0000000       0.0000000
0.4140000           1.0000000       0.0000000       0.0000000
0.4150000           1.0000000       0.0000000       0.0000000
0.4160000           1.0000000       0.0000000       0.0000000
0.4170000           1.0000000       0.0000000       0.0000000
0.4180000           1.0000000       0.0000000       0.0000000
0.4190000           1.0000000       0.0000000       0.0000000
0.4200000           1.0000000       0.0000000       0.0000000
0.4210000           1.0000000       0.0000000       0.0000000
0.4220000           1.0000000       0.0000000       0.0000000
0.4230000           1.0000000       0.0000000       0.0000000
0.4240000           1.0000000       0.0000000       0.0000000
0.4250000           1.0000000       0.0000000       0.0000000
0.4260000           1.0000000       0.0000000       0.0000000
0.4270000           1.0000000       0.0000000       0.0000000
0.4280000           1.0000000       0.0000000       0.0000000
0.4290000           1.0000000       0.0000000       0.0000000
0.4300000           1.0000000       0.0000000       0.0000000
0.4310000           1.0000000       0.0000000       0.0000000
0.4320000           1.0000000       0.0000000       0.0000000
0.4330000           1.0000000       0.0000000       0.0000000
0.4340000           1.0000000       0.0000000       0.0000000
0.4350000           1.0000000       0.0000000       0.0000000
0.4360000           1.0000000       0.0000000       0.0000000
0.4370000           1.0000000       0.0000000       0.0000000
0.4380000           1.0000000       0.0000000       0.0000000
0.4390000           1.0000000       0.0000000       0.0000000
0.4400000           1.0000000       0.0000000       0.0000000
0.4410000           1.0000000       0.0000000       0.0000000
0.4420000           1.0000000       0.0000000       0.0000000
0.4430000           1.0000000       0.0000000       0.0000000
0.4440000           1.0000000       0.0000000       0.0000000
0.4450000           1.0000000       0.0000000       0.0000000
0.4460000           1.0000000       0.0000000       0.0000000
0.4470000           1.0000000       0.0000000       0.0000000
0.4480000           1.0000000       0.0000000       0.0000000
0.4490000           1.0000000       0.0000000       0.0000000
0.4500000           1.0000000       0.0000000       0.0000000
0.4510000           1.0000000       0.0000000       0.0000000
0.4520000           1.0000000       0.0000000       0.0000000
0.4530000           1.0000000       0.0000000       0.0000000
0.4540000           1.0000000       0.0000000       0.0000000
0.4550000           1.0000000       0.0000000       0.0000000
0.4560000           1.0000000       0.0000000       0.0000000
0.4570000           1.0000000       0.0000000       0.0000000
0.4580000           1.0000000       0.0000000       0.0000000
0.4590000           1.0000000       0.0000000       0.0000000
0.4600000           1.0000000       0.0000000       0.0000000
0.4610000           1.0000000       0.0000000       0.0000000
0.4620000           1.0000000       0.0000000       0.0000000
0.4630000           1.0000000       0.0000000       0.0000000
0.4640000           1.0000000       0.0000000       0.0000000
0.4650000           1.0000000       0.0000000       0.0000000
0.4660000           1.0000000       0.0000000       0.0000000
0.4670000           1.0000000       0.0000000       0.0000000
0.4680000           1.0000000       0.0000000       0.0000000
0.4690000           1.0000000       0.0000000       0.0000000
0.4700000           1.0000000       0.0000000       0.0000000
0.4710000           1.0000000       0.0000000       0.0000000
0.4720000           1.0000000       0.0000000       0.0000000
0.4730000           1.0000000       0.0000000       0.0000000
0.4740000           1.0000000       0.0000000       0.0000000
0.4750000           1.0000000       0.0000000       0.0000000
0.4760000           1.0000000       0.0000000       0.0000000
0.4770000           1.0000000       0.0000000       0.0000000
0.4780000           1.0000000       0.0000000       0.0000000
0.4790000           1.0000000       0.0000000       0.0000000
0.4800000           1.0000000       0.0000000       0.0000000
0.4810000           1.0000000       0.0000000       0.0000000
0.4820000           1.0000000       0.0000000       0.0000000
0.4830000           1.0000000       0.0000000       0.0000000
0.4840000           1.0000000       0.0000000       0.0000000
0.4850000           1.0000000       0.0000000       0.0000000
0.4860000           1.0000000       0.0000000       0.0000000
0.4870000           1.0000000       0.0000000       0.0000000
0.4880000           1.0000000       0.0000000       0.0000000
0.4890000           1.0000000       0.0000000       0.0000000
0.4900000           1.0000000       0.0000000       0.0000000
0.4910000           1.0000000       0.0000000       0.0000000
0.4920000           1.0000000       0.0000000       0.0000000
0.4930000           1.0000000       0.0000000       0.0000000
0.4940000           1.0000000       0.0000000       0.0000000
0.4950000           1.0000000       0.0000000       0.0000000
0.4960000           1.0000000       0.0000000       0.0000000
0.4970000           1.0000000       0.0000000       0.0000000
0.4980000           1.0000000       0.0000000       0.0000000
0.4990000           1.0000000       0.0000000       0.0000000
0.5000000           1.0000000       0.0000000       0.0000000
0.5010000           1.0000000       0.0000000       0.0000000
0.5020000           1.0000000       0.0000000       0.0000000
0.5030000           1.0000000       0.0000000       0.0000000
0.5040000           1.0000000       0.0000000       0.0000000
0.5050000           1.0000000       0.0000000       0.0000000
0.5060000           1.0000000       0.0000000       0.0000000
0.5070000           1.0000000       0.0000000       0.0000000
0.5080000           1.0000000       0.0000000       0.0000000
0.5090000           1.0000000       0.0000000       0.0000000
0.5100000           1.0000000       0.0000000       0.0000000
0.5110000           1.0000000       0.0000000       0.0000000
0.5120000           1.0000000       0.0000000       0.0000000
0.5130000           1.0000000       0.0000000       0.0000000
0.5140000           1.0000000       0.0000000       0.0000000
0.5150000           1.0000000       0.0000000       0.0000000
0.5160000           1.0000000       0.0000000       0.0000000
0.5170000           1.0000000       0.0000000       0.0000000
0.5180000           1.0000000       0.0000000       0.0000000
0.5190000           1.0000000       0.0000000       0.0000000
0.5200000           1.0000000       0.0000000       0.0000000
0.5210000           1.0000000       0.0000000       0.0000000
0.5220000           1.0000000       0.0000000       0.0000000
0.5230000           1.0000000       0.0000000       0.0000000
0.5240000           1.0000000       0.0000000       0.0000000
0.5250000           1.0000000       0.0000000       0.0000000
0.5260000           1.0000000       0.0000000       0.0000000
0.5270000           1.0000000       0.0000000       0.0000000
0.5280000           1.0000000       0.0000000       0.0000000
0.5290000           1.0000000       0.0000000       0.0000000
0.5300000           1.0000000       0.0000000       0.0000000
0.5310000           1.0000000       0.0000000       0.0000000
0.5320000           1.0000000       0.0000000       0.0000000
0.5330000           1.0000000       0.0000000       0.0000000
0.5340000           1.0000000       0.0000000       0.0000000
0.5350000           1.0000000       0.0000000       0.0000000
0.5360000           1.0000000       0.0000000       0.0000000
0.5370000           1.0000000       0.0000000       0.0000000
0.5380000           1.0000000       0.0000000       0.0000000
0.5390000           1.0000000       0.0000000       0.0000000
0.5400000           1.0000000       0.0000000       0.0000000
0.5410000           1.0000000       0.0000000       0.0000000
0.5420000           1.0000000       0.0000000       0.0000000
0.5430000           1.0000000       0.0000000       0.0000000
0.5440000           1.0000000       0.0000000       0.0000000
0.5450000           1.0000000       0.0000000       0.0000000
0.5460000           1.0000000       0.0000000       0.0000000
0.5470000           1.0000000       0.0000000       0.0000000
0.5480000           1.0000000       0.0000000       0.0000000
0.5490000           1.0000000       0.0000000       0.0000000
0.5500000           1.0000000       0.0000000       0.0000000
0.5510000           1.0000000       0.0000000       0.0000000
0.5520000           1.0000000       0.0000000       0.0000000
0.5530000           1.0000000       0.0000000       0.0000000
0.5540000           1.0000000       0.0000000       0.0000000
0.5550000           1.0000000       0.0000000       0.0000000
0.5560000           1.0000000       0.0000000       0.0000000
0.5570000           1.0000000       0.0000000       0.0000000
0.5580000           1.0000000       0.0000000       0.0000000
0.5590000           1.0000000       0.0000000       0.0000000
0.5600000           1.0000000       0.0000000       0.0000000
0.5610000           1.0000000       0.0000000       0.0000000
0.5620000           1.0000000       0.0000000       0.0000000
0.5630000           1.0000000       0.0000000       0.0000000
0.5640000           1.0000000       0.0000000       0.0000000
0.5650000           1.0000000       0.0000000       0.0000000
0.5660000           1.0000000       0.0000000       0.0000000
0.5670000           1.0000000       0.0000000       0.0000000
0.5680000           1.0000000       0.0000000       0.0000000
0.5690000           1.0000000       0.0000000       0.0000000
0.5700000           1.0000000       0.0000000       0.0000000
0.5710000           1.0000000       0.0000000       0.0000000
0.5720000           1.0000000       0.0000000       0.0000000
0.5730000           1.0000000       0.0000000       0.0000000
0.5740000           1.0000000       0.0000000       0.0000000
0.5750000           1.0000000       0.0000000       0.0000000
0.5760000           1.0000000       0.0000000       0.0000000
0.5770000           1.0000000       0.0000000       0.0000000
0.5780000           1.0000000       0.0000000       0.0000000
0.5790000           1.0000000       0.0000000       0.0000000
0.5800000           1.0000000       0.0000000       0.0000000
0.5810000           1.0000000       0.0000000       0.0000000
0.5820000           1.0000000       0.0000000       0.0000000
0.5830000           1.0000000       0.0000000       0.0000000
0.5840000           1.0000000       0.0000000       0.0000000
0.5850000           1.0000000       0.0000000       0.0000000
0.5860000           1.0000000       0.0000000       0.0000000
0.5870000           1.0000000       0.0000000       0.0000000
0.5880000           1.0000000       0.0000000       0.0000000
0.5890000           1.0000000       0.0000000       0.0000000
0.5900000           1.0000000       0.0000000       0.0000000
0.5910000           1.0000000       0.0000000       0.0000000
0.5920000           1.0000000       0.0000000       0.0000000
0.5930000           1.0000000       0.0000000       0.0000000
0.5940000           1.0000000       0.0000000       0.0000000
0.5950000           1.0000000       0.0000000       0.0000000
0.5960000           1.0000000       0.0000000       0.0000000
0.5970000           1.0000000       0.0000000       0.0000000
0.5980000           1.0000000       0.0000000       0.0000000
0.5990000           1.0000000       0.0000000       0.0000000
0.6000000           1.0000000       0.0000000       0.0000000
0.6010000           1.0000000       0.0000000       0.0000000
0.6020000           1.0000000       0.0000000       0.0000000
0.6030000           1.0000000       0.0000000       0.0000000
0.6040000           1.0000000       0.0000000       0.0000000
0.6050000           1.0000000       0.0000000       0.0000000
0.6060000           1.0000000       0.0000000       0.0000000
0.6070000           1.0000000       0.0000000       0.0000000
0.6080000           1.0000000       0.0000000       0.0000000
0.6090000           1.0000000       0.0000000       0.0000000
0.6100000           1.0000000       0.0000000       0.0000000
0.6110000           1.0000000       0.0000000       0.0000000
0.6120000           1.0000000       0.0000000       0.0000000
0.6130000           1.0000000       0.0000000       0.0000000
0.6140000           1.0000000       0.0000000       0.0000000
0.6150000           1.0000000       0.0000000       0.0000000
0.6160000           1.0000000       0.0000000       0.0000000
0.6170000           1.0000000       0.0000000       0.0000000
0.6180000           1.0000000       0.0000000       0.0000000
0.6190000           1.0000000       0.0000000       0.0000000
0.6200000           1.0000000       0.0000000       0.0000000
0.6210000           1.0000000       0.0000000       0.0000000
0.6220000           1.0000000       0.0000000       0.0000000
0.6230000           1.0000000       0.0000000       0.0000000
0.6240000           1.0000000       0.0000000       0.0000000
0.6250000           1.0000000       0.0000000       0.0000000
0.6260000           1.0000000       0.0000000       0.0000000
0.6270000           1.0000000       0.0000000       0.0000000
0.6280000           1.0000000       0.0000000       0.0000000
0.6290000           1.0000000       0.0000000       0.0000000
0.6300000           1.0000000       0.0000000       0.0000000
0.6310000           1.0000000       0.0000000       0.0000000
0.6320000           1.0000000       0.0000000       0.0000000
0.6330000           1.0000000       0.0000000       0.0000000
0.6340000           1.0000000       0.0000000       0.0000000
0.6350000           1.0000000       0.0000000       0.0000000
0.6360000           1.0000000       0.0000000       0.0000000
0.6370000           1.0000000       0.0000000       0.0000000
0.6380000           1.0000000       0.0000000       0.0000000
0.6390000           1.0000000       0.0000000       0.0000000
0.6400000           1.0000000       0.0000000       0.0000000
0.6410000           1.0000000       0.0000000       0.0000000
0.6420000           1.0000000       0.0000000       0.0000000
0.6430000           1.0000000       0.0000000       0.0000000
0.6440000           1.0000000       0.0000000       0.0000000
0.6450000           1.0000000       0.0000000       0.0000000
0.6460000           1.0000000       0.0000000       0.0000000
0.6470000           1.0000000       0.0000000       0.0000000
0.6480000           1.0000000       0.0000000       0.0000000
0.6490000           1.0000000       0.0000000       0.0000000
0.6500000           1.0000000       0.0000000       0.0000000
0.6510000           1.0000000       0.0000000       0.0000000
0.6520000           1.0000000       0.0000000       0.0000000
0.6530000           1.0000000       0.0000000       0.0000000
0.6540000           1.0000000       0.0000000       0.0000000
0.6550000           1.0000000       0.0000000       0.0000000
0.6560000           1.0000000       0.0000000       0.0000000
0.6570000           1.0000000       0.0000000       0.0000000
0.6580000           1.0000000       0.0000000       0.0000000
0.6590000           1.0000000       0.0000000       0.0000000
0.6600000           1.0000000       0.0000000       0.0000000
0.6610000           1.0000000       0.0000000       0.0000000
0.6620000           1.0000000       0.0000000       0.0000000
0.6630000           1.0000000       0.0000000       0.0000000
0.6640000           1.0000000       0.0000000       0.0000000
0.6650000           1.0000000       0.0000000       0.0000000
0.6660000           1.0000000       0.0000000       0.0000000
0.6670000           1.0000000       0.0000000       0.0000000
0.6680000           1.0000000       0.0000000       0.0000000
0.6690000           1.0000000       0.0000000       0.0000000
0.6700000           1.0000000       0.0000000       0.0000000
0.6710000           1.0000000       0.0000000       0.0000000
0.6720000           1.0000000       0.0000000       0.0000000
0.6730000           1.0000000       0.0000000       0.0000000
0.6740000           1.0000000       0.0000000       0.0000000
0.6750000           1.0000000       0.0000000       0.0000000
0.6760000           1.0000000       0.0000000       0.0000000
0.6770000           1.0000000       0.0000000       0.0000000
0.6780000           1.0000000       0.0000000       0.0000000
0.6790000           1.0000000       0.0000000       0.0000000
0.6800000           1.0000000       0.0000000       0.0000000
0.6810000           1.0000000       0.0000000       0.0000000
0.6820000           1.0000000       0.0000000       0.0000000
0.6830000           1.0000000       0.0000000       0.0000000
0.6840000           1.0000000       0.0000000       0.0000000
0.6850000           1.0000000       0.0000000       0.0000000
0.6860000           1.0000000       0.0000000       0.0000000
0.6870000           1.0000000       0.0000000       0.0000000
0.6880000           1.0000000       0.0000000       0.0000000
0.6890000           1.0000000       0.0000000       0.0000000
0.6900000           1.0000000       0.0000000       0.0000000
0.6910000           1.0000000       0.0000000       0.0000000
0.6920000           1.0000000       0.0000000       0.0000000
0.6930000           1.0000000       0.0000000       0.0000000
0.6940000           1.0000000       0.0000000       0.0000000
0.6950000           1.0000000       0.0000000       0.0000000
0.6960000           1.0000000       0.0000000       0.0000000
0.6970000           1.0000000       0.0000000       0.0000000
0.6980000           1.0000000       0.0000000       0.0000000
0.6990000           1.0000000       0.0000000       0.0000000
0.7000000           1.0000000       0.0000000       0.0000000
0.7010000           1.0000000       0.0000000       0.0000000
0.7020000           1.0000000       0.0000000       0.0000000
0.7030000           1.0000000       0.0000000       0.0000000
0.7040000           1.0000000       0.0000000       0.0000000
0.7050000           1.0000000       0.0000000       0.0000000
0.7060000           1.0000000       0.0000000       0.0000000
0.7070000           1.0000000       0.0000000       0.0000000
0.7080000           1.0000000       0.0000000       0.0000000
0.7090000           1.0000000       0.0000000       0.0000000
0.7100000           1.0000000       0.0000000       0.0000000
0.7110000           1.0000000       0.0000000       0.0000000
0.7120000           1.0000000       0.0000000       0.0000000
0.7130000           1.0000000       0.0000000       0.0000000
0.7140000           1.0000000       0.0000000       0.0000000
0.7150000           1.0000000       0.0000000       0.0000000
0.7160000           1.0000000       0.0000000       0.0000000
0.7170000           1.0000000       0.0000000       0.0000000
0.7180000           1.0000000       0.0000000       0.0000000
0.7190000           1.0000000       0.0000000       0.0000000
0.7200000           1.0000000       0.0000000       0.0000000
0.7210000           1.0000000       0.0000000       0.0000000
0.7220000           1.0000000       0.0000000       0.0000000
0.7230000           1.0000000       0.0000000       0.0000000
0.7240000           1.0000000       0.0000000       0.0000000
0.7250000           1.0000000       0.0000000       0.0000000
0.7260000           1.0000000       0.0000000       0.0000000
0.7270000           1.0000000       0.0000000       0.0000000
0.7280000           1.0000000       0.0000000       0.0000000
0.7290000           1.0000000       0.0000000       0.0000000
0.7300000           1.0000000       0.0000000       0.0000000
0.7310000           1.0000000       0.0000000       0.0000000
0.7320000           1.0000000       0.0000000       0.0000000
0.7330000           1.0000000       0.0000000       0.0000000
0.7340000           1.0000000       0.0000000       0.0000000
0.7350000           1.0000000       0.0000000       0.0000000
0.7360000           1.0000000       0.0000000       0.0000000
0.7370000           1.0000000       0.0000000       0.0000000
0.7380000           1.0000000       0.0000000       0.0000000
0.7390000           1.0000000       0.0000000       0.0000000
0.7400000           1.0000000       0.0000000       0.0000000
0.7410000           1.0000000       0.0000000       0.0000000
0.7420000           1.0000000       0.0000000       0.0000000
0.7430000           1.0000000       0.0000000       0.0000000
0.7440000           1.0000000       0.0000000       0.0000000
0.7450000           1.0000000       0.0000000       0.0000000
0.7460000           1.0000000       0.0000000       0.0000000
0.7470000           1.0000000       0.0000000       0.0000000
0.7480000           1.0000000       0.0000000       0.0000000
0.7490000           1.0000000       0.0000000       0.0000000
0.7500000           1.0000000       0.0000000       0.0000000
0.7510000           1.0000000       0.0000000       0.0000000
0.7520000           1.0000000       0.0000000       0.0000000
0.7530000           1.0000000       0.0000000       0.0000000
0.7540000           1.0000000       0.0000000       0.0000000
0.7550000           1.0000000       0.0000000       0.0000000
0.7560000           1.0000000       0.0000000       0.0000000
0.7570000           1.0000000       0.0000000       0.0000000
0.7580000           1.0000000       0.0000000       0.0000000
0.7590000           1.0000000       0.0000000       0.0000000
0.7600000           1.0000000       0.0000000       0.0000000
0.7610000           1.0000000       0.0000000       0.0000000
0.7620000           1.0000000       0.0000000       0.0000000
0.7630000           1.0000000       0.0000000       0.0000000
0.7640000           1.0000000       0.0000000       0.0000000
0.7650000           1.0000000       0.0000000       0.0000000
0.7660000           1.0000000       0.0000000       0.0000000
0.7670000           1.0000000       0.0000000       0.0000000
0.7680000           1.0000000       0.0000000       0.0000000
0.7690000           1.0000000       0.0000000       0.0000000
0.7700000           1.0000000       0.0000000       0.0000000
0.7710000           1.0000000       0.0000000       0.0000000
0.7720000           1.0000000       0.0000000       0.0000000
0.7730000           1.0000000       0.0000000       0.0000000
0.7740000           1.0000000       0.0000000       0.0000000
0.7750000           1.0000000       0.0000000       0.0000000
0.7760000           1.0000000       0.0000000       0.0000000
0.7770000           1.0000000       0.0000000       0.0000000
0.7780000           1.0000000       0.0000000       0.0000000
0.7790000           1.0000000       0.0000000       0.0000000
0.7800000           1.0000000       0.0000000       0.0000000
0.7810000           1.0000000       0.0000000       0.0000000
0.7820000           1.0000000       0.0000000       0.0000000
0.7830000           1.0000000       0.0000000       0.0000000
0.7840000           1.0000000       0.0000000       0.0000000
0.7850000           1.0000000       0.0000000       0.0000000
0.7860000           1.0000000       0.0000000       0.0000000
0.7870000           1.0000000       0.0000000       0.0000000
0.7880000           1.0000000       0.0000000       0.0000000
0.7890000           1.0000000       0.0000000       0.0000000
0.7900000           1.0000000       0.0000000       0.0000000
0.7910000           1.0000000       0.0000000       0.0000000
0.7920000           1.0000000       0.0000000       0.0000000
0.7930000           1.0000000       0.0000000       0.0000000
0.7940000           1.0000000       0.0000000       0.0000000
0.7950000           1.0000000       0.0000000       0.0000000
0.7960000           1.0000000       0.0000000       0.0000000
0.7970000           1.0000000       0.0000000       0.0000000
0.7980000           1.0000000       0.0000000       0.0000000
0.7990000           1.0000000       0.0000000       0.0000000
0.8000000           1.0000000       0.0000000       0.0000000
0.8010000           1.0000000       0.0000000       0.0000000
0.8020000           1.0000000       0.0000000       0.0000000
0.8030000           1.0000000       0.0000000       0.0000000
0.8040000           1.0000000       0.0000000       0.0000000
0.8050000           1.0000000       0.0000000       0.0000000
0.8060000           1.0000000       0.0000000       0.0000000
0.8070000           1.0000000       0.0000000       0.0000000
0.8080000           1.0000000       0.0000000       0.0000000
0.8090000           1.0000000       0.0000000       0.0000000
0.8100000           1.0000000       0.0000000       0.0000000
0.8110000           1.0000000       0.0000000       0.0000000
0.8120000           1.0000000       0.0000000       0.0000000
0.8130000           1.0000000       0.0000000       0.0000000
0.8140000           1.0000000       0.0000000       0.0000000
0.8150000           1.0000000       0.0000000       0.0000000
0.8160000           1.0000000       0.0000000       0.0000000
0.8170000           1.0000000       0.0000000       0.0000000
0.8180000           1.0000000       0.0000000       0.0000000
0.8190000           1.0000000       0.0000000       0.0000000
0.8200000           1.0000000       0.0000000       0.0000000
0.8210000           1.0000000       0.0000000       0.0000000
0.8220000           1.0000000       0.0000000       0.0000000
0.8230000           1.0000000       0.0000000       0.0000000
0.8240000           1.0000000       0.0000000       0.0000000
0.8250000           1.0000000       0.0000000       0.0000000
0.8260000           1.0000000       0.0000000       0.0000000
0.8270000           1.0000000       0.0000000       0.0000000
0.8280000           1.0000000       0.0000000       0.0000000
0.8290000           1.0000000       0.0000000       0.0000000
0.8300000           1.0000000       0.0000000       0.0000000
0.8310000           1.0000000       0.0000000       0.0000000
0.8320000           1.0000000       0.0000000       0.0000000
0.8330000           1.0000000       0.0000000       0.0000000
0.8340000           1.0000000       0.0000000       0.0000000
0.8350000           1.0000000       0.0000000       0.0000000
0.8360000           1.0000000       0.0000000       0.0000000
0.8370000           1.0000000       0.0000000       0.0000000
0.8380000           1.0000000       0.0000000       0.0000000
0.8390000           1.0000000       0.0000000       0.0000000
0.8400000           1.0000000       0.0000000       0.0000000
0.8410000           1.0000000       0.0000000       0.0000000
0.8420000           1.0000000       0.0000000       0.0000000
0.8430000           1.0000000       0.0000000       0.0000000
0.8440000           1.0000000       0.0000000       0.0000000
0.8450000           1.0000000       0.0000000       0.0000000
0.8460000           1.0000000       0.0000000       0.0000000
0.8470000           1.0000000       0.0000000       0.0000000
0.8480000           1.0000000       0.0000000       0.0000000
0.8490000           1.0000000       0.0000000       0.0000000
0.8500000           1.0000000       0.0000000       0.0000000
0.8510000           1.0000000       0.0000000       0.0000000
0.8520000           1.0000000       0.0000000       0.0000000
0.8530000           1.0000000       0.0000000       0.0000000
0.8540000           1.0000000       0.0000000       0.0000000
0.8550000           1.0000000       0.0000000       0.0000000
0.8560000           1.0000000       0.0000000       0.0000000
0.8570000           1.0000000       0.0000000       0.0000000
0.8580000           1.0000000       0.0000000       0.0000000
0.8590000           1.0000000       0.0000000       0.0000000
0.8600000           1.0000000       0.0000000       0.0000000
0.8610000           1.0000000       0.0000000       0.0000000
0.8620000           1.0000000       0.0000000       0.0000000
0.8630000           1.0000000       0.0000000       0.0000000
0.8640000           1.0000000       0.0000000       0.0000000
0.8650000           1.0000000       0.0000000       0.0000000
0.8660000           1.0000000       0.0000000       0.0000000
0.8670000           1.0000000       0.0000000       0.0000000
0.8680000           1.0000000       0.0000000       0.0000000
0.8690000           1.0000000       0.0000000       0.0000000
0.8700000           1.0000000       0.0000000       0.0000000
0.8710000           1.0000000       0.0000000       0.0000000
0.8720000           1.0000000       0.0000000       0.0000000
0.8730000           1.0000000       0.0000000       0.0000000
0.8740000           1.0000000       0.0000000       0.0000000
0.8750000           1.0000000       0.0000000       0.0000000
0.8760000           1.0000000       0.0000000       0.0000000
0.8770000           1.0000000       0.0000000       0.0000000
0.8780000           1.0000000       0.0000000       0.0000000
0.8790000           1.0000000       0.0000000       0.0000000
0.8800000           1.0000000       0.0000000       0.0000000
0.8810000           1.0000000       0.0000000       0.0000000
0.8820000           1.0000000       0.0000000       0.0000000
0.8830000           1.0000000       0.0000000       0.0000000
0.8840000           1.0000000       0.0000000       0.0000000
0.8850000           1.0000000       0.0000000       0.0000000
0.8860000           1.0000000       0.0000000       0.0000000
0.8870000           1.0000000       0.0000000       0.0000000
0.8880000           1.0000000       0.0000000       0.0000000
0.8890000           1.0000000       0.0000000       0.0000000
0.8900000           1.0000000       0.0000000       0.0000000
0.8910000           1.0000000       0.0000000       0.0000000
0.8920000           1.0000000       0.0000000       0.0000000
0.8930000           1.0000000       0.0000000       0.0000000
0.8940000           1.0000000       0.0000000       0.0000000
0.8950000           1.0000000       0.0000000       0.0000000
0.8960000           1.0000000       0.0000000       0.0000000
0.8970000           1.0000000       0.0000000       0.0000000
0.8980000           1.0000000       0.0000000       0.0000000
0.8990000           1.0000000       0.0000000       0.0000000
0.9000000           1.0000000       0.0000000       0.0000000
0.9010000           1.0000000       0.0000000       0.0000000
0.9020000           1.0000000       0.0000000       0.0000000
0.9030000           1.0000000       0.0000000       0.0000000
0.9040000           1.0000000       0.0000000       0.0000000
0.9050000           1.0000000       0.0000000       0.0000000
0.9060000           1.0000000       0.0000000       0.0000000
0.9070000           1.0000000       0.0000000       0.0000000
0.9080000           1.0000000       0.0000000       0.0000000
0.9090000           1.0000000       0.0000000       0.0000000
0.9100000           1.0000000       0.0000000       0.0000000
0.9110000           1.0000000       0.0000000       0.0000000
0.9120000           1.0000000       0.0000000       0.0000000
0.9130000           1.0000000       0.0000000       0.0000000
0.9140000           1.0000000       0.0000000       0.0000000
0.9150000           1.0000000       0.0000000       0.0000000
0.9160000           1.0000000       0.0000000       0.0000000
0.9170000           1.0000000       0.0000000       0.0000000
0.9180000           1.0000000       0.0000000       0.0000000
0.9190000           1.0000000       0.0000000       0.0000000
0.9200000           1.0000000       0.0000000       0.0000000
0.9210000           1.0000000       0.0000000       0.0000000
0.9220000           1.0000000       0.0000000       0.0000000
0.9230000           1.0000000       0.0000000       0.0000000
0.9240000           1.0000000       0.0000000       0.0000000
0.9250000           1.0000000       0.0000000       0.0000000
0.9260000           1.0000000       0.0000000       0.0000000
0.9270000           1.0000000       0.0000000       0.0000000
0.9280000           1.0000000       0.0000000       0.0000000
0.9290000           1.0000000       0.0000000       0.0000000
0.9300000           1.0000000       0.0000000       0.0000000
0.9310000           1.0000000       0.0000000       0.0000000
0.9320000           1.0000000       0.0000000       0.0000000
0.9330000           1.0000000       0.0000000       0.0000000
0.9340000           1.0000000       0.0000000       0.0000000
0.9350000           1.0000000       0.0000000       0.0000000
0.9360000           1.0000000       0.0000000       0.0000000
0.9370000           1.0000000       0.0000000       0.0000000
0.9380000           1.0000000       0.0000000       0.0000000
0.9390000           1.0000000       0.0000000       0.0000000
0.9400000           1.0000000       0.0000000       0.0000000
0.9410000           1.0000000       0.0000000       0.0000000
0.9420000           1.0000000       0.0000000       0.0000000
0.9430000           1.0000000       0.0000000       0.0000000
0.9440000           1.0000000       0.0000000       0.0000000
0.9450000           1.0000000       0.0000000       0.0000000
0.9460000           1.0000000       0.0000000       0.0000000
0.9470000           1.0000000       0.0000000       0.0000000
0.9480000           1.0000000       0.0000000       0.0000000
0.9490000           1.0000000       0.0000000       0.0000000
0.9500000           1.0000000       0.0000000       0.0000000
0.9510000           1.0000000       0.0000000       0.0000000
0.9520000           1.0000000       0.0000000       0.0000000
0.9530000           1.0000000       0.0000000       0.0000000
0.9540000           1.0000000       0.0000000       0.0000000
0.9550000           1.0000000       0.0000000       0.0000000
0.9560000           1.0000000       0.0000000       0.0000000
0.9570000           1.0000000       0.0000000       0.0000000
0.9580000           1.0000000       0.0000000       0.0000000
0.9590000           1.0000000       0.0000000       0.0000000
0.9600000           1.0000000       0.0000000       0.0000000
0.9610000           1.0000000       0.0000000       0.0000000
0.9620000           1.0000000       0.0000000       0.0000000
0.9630000           1.0000000       0.0000000       0.0000000
0.9640000           1.0000000       0.0000000       0.0000000
0.9650000           1.0000000       0.0000000       0.0000000
0.9660000           1.0000000       0.0000000       0.0000000
0.9670000           1.0000000       0.0000000       0.0000000
0.9680000           1.0000000       0.0000000       0.0000000
0.9690000           1.0000000       0.0000000       0.0000000
0.9700000           1.0000000       0.0000000       0.0000000
0.9710000           1.0000000       0.0000000       0.0000000
0.9720000           1.0000000       0.0000000       0.0000000
0.9730000           1.0000000       0.0000000       0.0000000
0.9740000           1.0000000       0.0000000       0.0000000
0.9750000           1.0000000       0.0000000       0.0000000
0.9760000           1.0000000       0.0000000       0.0000000
0.9770000           1.0000000       0.0000000       0.0000000
0.9780000           1.0000000       0.0000000       0.0000000
0.9790000           1.0000000       0.0000000       0.0000000
0.9800000           1.0000000       0.0000000       0.0000000
0.9810000           1.0000000       0.0000000       0.0000000
0.9820000           1.0000000       0.0000000       0.0000000
0.9830000           1.0000000       0.0000000       0.0000000
0.9840000           1.0000000       0.0000000       0.0000000
0.9850000           1.0000000       0.0000000       0.0000000
0.9860000           1.0000000       0.0000000       0.0000000
0.9870000           1.0000000       0.0000000       0.0000000
0.9880000           1.0000000       0.0000000       0.0000000
0.9890000           1.0000000       0.0000000       0.0000000
0.9900000           1.0000000       0.0000000       0.0000000
0.9910000           1.0000000       0.0000000       0.0000000
0.9920000           1.0000000       0.0000000       0.0000000
0.9930000           1.0000000       0.0000000       0.0000000
0.9940000           1.0000000       0.0000000       0.0000000
0.9950000           1.0000000       0.0000000       0.0000000
0.9960000           1.0000000       0.0000000       0.0000000
0.9970000           1.0000000       0.0000000       0.0000000
0.9980000           1.0000000       0.0000000       0.0000000
0.9990000           1.0000000       0.0000000       0.0000000
1.0000000           1.0000000       0.0000000       0.0000000
# -----------------------------------------------------------