#  PROBE RESULTS (THIS IS A MAGIC LINE)
# ---------------------------------------------------------------------------
# Evaluation: PDF
# ---------------------------------------------------------------------------
#  Name: ip.endToEnd.window.incoming.compoundThroughput_PDF
#  Description: No descripton available
# ---------------------------------------------------------------------------
#  No active probe
# ---------------------------------------------------------------------------
#  Common Statistics 
#  Minimum: 476.0000000
#  Maximum: 894.0000000
#  Trials: 38
#  Mean: 701.5263158
# 
#  Variance: 8023.8776671
#  Relative variance: 0.0163041
#  Coefficient of variation: 0.1276874
#  Standard deviation: 89.5760999
#  Relative standard deviation: 0.1276874
# 
#  Skewness: 0.0210118
# 
#  2nd moment: 499951.8947368
#  3rd moment: 361706174.5263158
# 
#  Sum of all values: 26658.0000000
#  (Sum of all values)^2: 18998172.0000000
#  (Sum of all values)^3: 13744834632.0000000
# -----------------------------------------------------------
# PDF statistics 
#  Left border of x-axis: 0
#  Right border of x-axis: 10000
#  Resolution of x-axis: 1000
# -----------------------------------------------------------
# PDF data 
#  Underflows: 0
#  Underflows in percent: 0
#  Overflows: 0
#  Overflows in percent: 0
# -----------------------------------------------------------
# 
# x             F(x)            G(x)            P(x)
# 
0.0000000           0.0000000       1.0000000       0.0000000
10.0000000          0.0000000       1.0000000       0.0000000
20.0000000          0.0000000       1.0000000       0.0000000
30.0000000          0.0000000       1.0000000       0.0000000
40.0000000          0.0000000       1.0000000       0.0000000
50.0000000          0.0000000       1.0000000       0.0000000
60.0000000          0.0000000       1.0000000       0.0000000
70.0000000          0.0000000       1.0000000       0.0000000
80.0000000          0.0000000       1.0000000       0.0000000
90.0000000          0.0000000       1.0000000       0.0000000
100.0000000         0.0000000       1.0000000       0.0000000
110.0000000         0.0000000       1.0000000       0.0000000
120.0000000         0.0000000       1.0000000       0.0000000
130.0000000         0.0000000       1.0000000       0.0000000
140.0000000         0.0000000       1.0000000       0.0000000
150.0000000         0.0000000       1.0000000       0.0000000
160.0000000         0.0000000       1.0000000       0.0000000
170.0000000         0.0000000       1.0000000       0.0000000
180.0000000         0.0000000       1.0000000       0.0000000
190.0000000         0.0000000       1.0000000       0.0000000
200.0000000         0.0000000       1.0000000       0.0000000
210.0000000         0.0000000       1.0000000       0.0000000
220.0000000         0.0000000       1.0000000       0.0000000
230.0000000         0.0000000       1.0000000       0.0000000
240.0000000         0.0000000       1.0000000       0.0000000
250.0000000         0.0000000       1.0000000       0.0000000
260.0000000         0.0000000       1.0000000       0.0000000
270.0000000         0.0000000       1.0000000       0.0000000
280.0000000         0.0000000       1.0000000       0.0000000
290.0000000         0.0000000       1.0000000       0.0000000
300.0000000         0.0000000       1.0000000       0.0000000
310.0000000         0.0000000       1.0000000       0.0000000
320.0000000         0.0000000       1.0000000       0.0000000
330.0000000         0.0000000       1.0000000       0.0000000
340.0000000         0.0000000       1.0000000       0.0000000
350.0000000         0.0000000       1.0000000       0.0000000
360.0000000         0.0000000       1.0000000       0.0000000
370.0000000         0.0000000       1.0000000       0.0000000
380.0000000         0.0000000       1.0000000       0.0000000
390.0000000         0.0000000       1.0000000       0.0000000
400.0000000         0.0000000       1.0000000       0.0000000
410.0000000         0.0000000       1.0000000       0.0000000
420.0000000         0.0000000       1.0000000       0.0000000
430.0000000         0.0000000       1.0000000       0.0000000
440.0000000         0.0000000       1.0000000       0.0000000
450.0000000         0.0000000       1.0000000       0.0000000
460.0000000         0.0000000       1.0000000       0.0000000
470.0000000         0.0263158       0.9736842       0.0263158
480.0000000         0.0263158       0.9736842       0.0000000
490.0000000         0.0263158       0.9736842       0.0000000
500.0000000         0.0263158       0.9736842       0.0000000
510.0000000         0.0263158       0.9736842       0.0000000
520.0000000         0.0263158       0.9736842       0.0000000
530.0000000         0.0263158       0.9736842       0.0000000
540.0000000         0.0263158       0.9736842       0.0000000
550.0000000         0.0263158       0.9736842       0.0000000
560.0000000         0.0263158       0.9736842       0.0000000
570.0000000         0.0263158       0.9736842       0.0000000
580.0000000         0.0789474       0.9210526       0.0526316
590.0000000         0.1052632       0.8947368       0.0263158
600.0000000         0.1578947       0.8421053       0.0526316
610.0000000         0.1842105       0.8157895       0.0263158
620.0000000         0.1842105       0.8157895       0.0000000
630.0000000         0.2631579       0.7368421       0.0789474
640.0000000         0.2894737       0.7105263       0.0263158
650.0000000         0.3684211       0.6315789       0.0789474
660.0000000         0.3684211       0.6315789       0.0000000
670.0000000         0.4210526       0.5789474       0.0526316
680.0000000         0.4736842       0.5263158       0.0526316
690.0000000         0.5263158       0.4736842       0.0526316
700.0000000         0.5263158       0.4736842       0.0000000
710.0000000         0.5789474       0.4210526       0.0526316
720.0000000         0.5789474       0.4210526       0.0000000
730.0000000         0.6315789       0.3684211       0.0526316
740.0000000         0.7105263       0.2894737       0.0789474
750.0000000         0.7368421       0.2631579       0.0263158
760.0000000         0.7894737       0.2105263       0.0526316
770.0000000         0.7894737       0.2105263       0.0000000
780.0000000         0.8684211       0.1315789       0.0789474
790.0000000         0.8684211       0.1315789       0.0000000
800.0000000         0.8947368       0.1052632       0.0263158
810.0000000         0.9210526       0.0789474       0.0263158
820.0000000         0.9210526       0.0789474       0.0000000
830.0000000         0.9210526       0.0789474       0.0000000
840.0000000         0.9210526       0.0789474       0.0000000
850.0000000         0.9473684       0.0526316       0.0263158
860.0000000         0.9473684       0.0526316       0.0000000
870.0000000         0.9736842       0.0263158       0.0263158
880.0000000         0.9736842       0.0263158       0.0000000
890.0000000         1.0000000       0.0000000       0.0263158
900.0000000         1.0000000       0.0000000       0.0000000
910.0000000         1.0000000       0.0000000       0.0000000
920.0000000         1.0000000       0.0000000       0.0000000
930.0000000         1.0000000       0.0000000       0.0000000
940.0000000         1.0000000       0.0000000       0.0000000
950.0000000         1.0000000       0.0000000       0.0000000
960.0000000         1.0000000       0.0000000       0.0000000
970.0000000         1.0000000       0.0000000       0.0000000
980.0000000         1.0000000       0.0000000       0.0000000
990.0000000         1.0000000       0.0000000       0.0000000
1000.0000000        1.0000000       0.0000000       0.0000000
1010.0000000        1.0000000       0.0000000       0.0000000
1020.0000000        1.0000000       0.0000000       0.0000000
1030.0000000        1.0000000       0.0000000       0.0000000
1040.0000000        1.0000000       0.0000000       0.0000000
1050.0000000        1.0000000       0.0000000       0.0000000
1060.0000000        1.0000000       0.0000000       0.0000000
1070.0000000        1.0000000       0.0000000       0.0000000
1080.0000000        1.0000000       0.0000000       0.0000000
1090.0000000        1.0000000       0.0000000       0.0000000
1100.0000000        1.0000000       0.0000000       0.0000000
1110.0000000        1.0000000       0.0000000       0.0000000
1120.0000000        1.0000000       0.0000000       0.0000000
1130.0000000        1.0000000       0.0000000       0.0000000
1140.0000000        1.0000000       0.0000000       0.0000000
1150.0000000        1.0000000       0.0000000       0.0000000
1160.0000000        1.0000000       0.0000000       0.0000000
1170.0000000        1.0000000       0.0000000       0.0000000
1180.0000000        1.0000000       0.0000000       0.0000000
1190.0000000        1.0000000       0.0000000       0.0000000
1200.0000000        1.0000000       0.0000000       0.0000000
1210.0000000        1.0000000       0.0000000       0.0000000
1220.0000000        1.0000000       0.0000000       0.0000000
1230.0000000        1.0000000       0.0000000       0.0000000
1240.0000000        1.0000000       0.0000000       0.0000000
1250.0000000        1.0000000       0.0000000       0.0000000
1260.0000000        1.0000000       0.0000000       0.0000000
1270.0000000        1.0000000       0.0000000       0.0000000
1280.0000000        1.0000000       0.0000000       0.0000000
1290.0000000        1.0000000       0.0000000       0.0000000
1300.0000000        1.0000000       0.0000000       0.0000000
1310.0000000        1.0000000       0.0000000       0.0000000
1320.0000000        1.0000000       0.0000000       0.0000000
1330.0000000        1.0000000       0.0000000       0.0000000
1340.0000000        1.0000000       0.0000000       0.0000000
1350.0000000        1.0000000       0.0000000       0.0000000
1360.0000000        1.0000000       0.0000000       0.0000000
1370.0000000        1.0000000       0.0000000       0.0000000
1380.0000000        1.0000000       0.0000000       0.0000000
1390.0000000        1.0000000       0.0000000       0.0000000
1400.0000000        1.0000000       0.0000000       0.0000000
1410.0000000        1.0000000       0.0000000       0.0000000
1420.0000000        1.0000000       0.0000000       0.0000000
1430.0000000        1.0000000       0.0000000       0.0000000
1440.0000000        1.0000000       0.0000000       0.0000000
1450.0000000        1.0000000       0.0000000       0.0000000
1460.0000000        1.0000000       0.0000000       0.0000000
1470.0000000        1.0000000       0.0000000       0.0000000
1480.0000000        1.0000000       0.0000000       0.0000000
1490.0000000        1.0000000       0.0000000       0.0000000
1500.0000000        1.0000000       0.0000000       0.0000000
1510.0000000        1.0000000       0.0000000       0.0000000
1520.0000000        1.0000000       0.0000000       0.0000000
1530.0000000        1.0000000       0.0000000       0.0000000
1540.0000000        1.0000000       0.0000000       0.0000000
1550.0000000        1.0000000       0.0000000       0.0000000
1560.0000000        1.0000000       0.0000000       0.0000000
1570.0000000        1.0000000       0.0000000       0.0000000
1580.0000000        1.0000000       0.0000000       0.0000000
1590.0000000        1.0000000       0.0000000       0.0000000
1600.0000000        1.0000000       0.0000000       0.0000000
1610.0000000        1.0000000       0.0000000       0.0000000
1620.0000000        1.0000000       0.0000000       0.0000000
1630.0000000        1.0000000       0.0000000       0.0000000
1640.0000000        1.0000000       0.0000000       0.0000000
1650.0000000        1.0000000       0.0000000       0.0000000
1660.0000000        1.0000000       0.0000000       0.0000000
1670.0000000        1.0000000       0.0000000       0.0000000
1680.0000000        1.0000000       0.0000000       0.0000000
1690.0000000        1.0000000       0.0000000       0.0000000
1700.0000000        1.0000000       0.0000000       0.0000000
1710.0000000        1.0000000       0.0000000       0.0000000
1720.0000000        1.0000000       0.0000000       0.0000000
1730.0000000        1.0000000       0.0000000       0.0000000
1740.0000000        1.0000000       0.0000000       0.0000000
1750.0000000        1.0000000       0.0000000       0.0000000
1760.0000000        1.0000000       0.0000000       0.0000000
1770.0000000        1.0000000       0.0000000       0.0000000
1780.0000000        1.0000000       0.0000000       0.0000000
1790.0000000        1.0000000       0.0000000       0.0000000
1800.0000000        1.0000000       0.0000000       0.0000000
1810.0000000        1.0000000       0.0000000       0.0000000
1820.0000000        1.0000000       0.0000000       0.0000000
1830.0000000        1.0000000       0.0000000       0.0000000
1840.0000000        1.0000000       0.0000000       0.0000000
1850.0000000        1.0000000       0.0000000       0.0000000
1860.0000000        1.0000000       0.0000000       0.0000000
1870.0000000        1.0000000       0.0000000       0.0000000
1880.0000000        1.0000000       0.0000000       0.0000000
1890.0000000        1.0000000       0.0000000       0.0000000
1900.0000000        1.0000000       0.0000000       0.0000000
1910.0000000        1.0000000       0.0000000       0.0000000
1920.0000000        1.0000000       0.0000000       0.0000000
1930.0000000        1.0000000       0.0000000       0.0000000
1940.0000000        1.0000000       0.0000000       0.0000000
1950.0000000        1.0000000       0.0000000       0.0000000
1960.0000000        1.0000000       0.0000000       0.0000000
1970.0000000        1.0000000       0.0000000       0.0000000
1980.0000000        1.0000000       0.0000000       0.0000000
1990.0000000        1.0000000       0.0000000       0.0000000
2000.0000000        1.0000000       0.0000000       0.0000000
2010.0000000        1.0000000       0.0000000       0.0000000
2020.0000000        1.0000000       0.0000000       0.0000000
2030.0000000        1.0000000       0.0000000       0.0000000
2040.0000000        1.0000000       0.0000000       0.0000000
2050.0000000        1.0000000       0.0000000       0.0000000
2060.0000000        1.0000000       0.0000000       0.0000000
2070.0000000        1.0000000       0.0000000       0.0000000
2080.0000000        1.0000000       0.0000000       0.0000000
2090.0000000        1.0000000       0.0000000       0.0000000
2100.0000000        1.0000000       0.0000000       0.0000000
2110.0000000        1.0000000       0.0000000       0.0000000
2120.0000000        1.0000000       0.0000000       0.0000000
2130.0000000        1.0000000       0.0000000       0.0000000
2140.0000000        1.0000000       0.0000000       0.0000000
2150.0000000        1.0000000       0.0000000       0.0000000
2160.0000000        1.0000000       0.0000000       0.0000000
2170.0000000        1.0000000       0.0000000       0.0000000
2180.0000000        1.0000000       0.0000000       0.0000000
2190.0000000        1.0000000       0.0000000       0.0000000
2200.0000000        1.0000000       0.0000000       0.0000000
2210.0000000        1.0000000       0.0000000       0.0000000
2220.0000000        1.0000000       0.0000000       0.0000000
2230.0000000        1.0000000       0.0000000       0.0000000
2240.0000000        1.0000000       0.0000000       0.0000000
2250.0000000        1.0000000       0.0000000       0.0000000
2260.0000000        1.0000000       0.0000000       0.0000000
2270.0000000        1.0000000       0.0000000       0.0000000
2280.0000000        1.0000000       0.0000000       0.0000000
2290.0000000        1.0000000       0.0000000       0.0000000
2300.0000000        1.0000000       0.0000000       0.0000000
2310.0000000        1.0000000       0.0000000       0.0000000
2320.0000000        1.0000000       0.0000000       0.0000000
2330.0000000        1.0000000       0.0000000       0.0000000
2340.0000000        1.0000000       0.0000000       0.0000000
2350.0000000        1.0000000       0.0000000       0.0000000
2360.0000000        1.0000000       0.0000000       0.0000000
2370.0000000        1.0000000       0.0000000       0.0000000
2380.0000000        1.0000000       0.0000000       0.0000000
2390.0000000        1.0000000       0.0000000       0.0000000
2400.0000000        1.0000000       0.0000000       0.0000000
2410.0000000        1.0000000       0.0000000       0.0000000
2420.0000000        1.0000000       0.0000000       0.0000000
2430.0000000        1.0000000       0.0000000       0.0000000
2440.0000000        1.0000000       0.0000000       0.0000000
2450.0000000        1.0000000       0.0000000       0.0000000
2460.0000000        1.0000000       0.0000000       0.0000000
2470.0000000        1.0000000       0.0000000       0.0000000
2480.0000000        1.0000000       0.0000000       0.0000000
2490.0000000        1.0000000       0.0000000       0.0000000
2500.0000000        1.0000000       0.0000000       0.0000000
2510.0000000        1.0000000       0.0000000       0.0000000
2520.0000000        1.0000000       0.0000000       0.0000000
2530.0000000        1.0000000       0.0000000       0.0000000
2540.0000000        1.0000000       0.0000000       0.0000000
2550.0000000        1.0000000       0.0000000       0.0000000
2560.0000000        1.0000000       0.0000000       0.0000000
2570.0000000        1.0000000       0.0000000       0.0000000
2580.0000000        1.0000000       0.0000000       0.0000000
2590.0000000        1.0000000       0.0000000       0.0000000
2600.0000000        1.0000000       0.0000000       0.0000000
2610.0000000        1.0000000       0.0000000       0.0000000
2620.0000000        1.0000000       0.0000000       0.0000000
2630.0000000        1.0000000       0.0000000       0.0000000
2640.0000000        1.0000000       0.0000000       0.0000000
2650.0000000        1.0000000       0.0000000       0.0000000
2660.0000000        1.0000000       0.0000000       0.0000000
2670.0000000        1.0000000       0.0000000       0.0000000
2680.0000000        1.0000000       0.0000000       0.0000000
2690.0000000        1.0000000       0.0000000       0.0000000
2700.0000000        1.0000000       0.0000000       0.0000000
2710.0000000        1.0000000       0.0000000       0.0000000
2720.0000000        1.0000000       0.0000000       0.0000000
2730.0000000        1.0000000       0.0000000       0.0000000
2740.0000000        1.0000000       0.0000000       0.0000000
2750.0000000        1.0000000       0.0000000       0.0000000
2760.0000000        1.0000000       0.0000000       0.0000000
2770.0000000        1.0000000       0.0000000       0.0000000
2780.0000000        1.0000000       0.0000000       0.0000000
2790.0000000        1.0000000       0.0000000       0.0000000
2800.0000000        1.0000000       0.0000000       0.0000000
2810.0000000        1.0000000       0.0000000       0.0000000
2820.0000000        1.0000000       0.0000000       0.0000000
2830.0000000        1.0000000       0.0000000       0.0000000
2840.0000000        1.0000000       0.0000000       0.0000000
2850.0000000        1.0000000       0.0000000       0.0000000
2860.0000000        1.0000000       0.0000000       0.0000000
2870.0000000        1.0000000       0.0000000       0.0000000
2880.0000000        1.0000000       0.0000000       0.0000000
2890.0000000        1.0000000       0.0000000       0.0000000
2900.0000000        1.0000000       0.0000000       0.0000000
2910.0000000        1.0000000       0.0000000       0.0000000
2920.0000000        1.0000000       0.0000000       0.0000000
2930.0000000        1.0000000       0.0000000       0.0000000
2940.0000000        1.0000000       0.0000000       0.0000000
2950.0000000        1.0000000       0.0000000       0.0000000
2960.0000000        1.0000000       0.0000000       0.0000000
2970.0000000        1.0000000       0.0000000       0.0000000
2980.0000000        1.0000000       0.0000000       0.0000000
2990.0000000        1.0000000       0.0000000       0.0000000
3000.0000000        1.0000000       0.0000000       0.0000000
3010.0000000        1.0000000       0.0000000       0.0000000
3020.0000000        1.0000000       0.0000000       0.0000000
3030.0000000        1.0000000       0.0000000       0.0000000
3040.0000000        1.0000000       0.0000000       0.0000000
3050.0000000        1.0000000       0.0000000       0.0000000
3060.0000000        1.0000000       0.0000000       0.0000000
3070.0000000        1.0000000       0.0000000       0.0000000
3080.0000000        1.0000000       0.0000000       0.0000000
3090.0000000        1.0000000       0.0000000       0.0000000
3100.0000000        1.0000000       0.0000000       0.0000000
3110.0000000        1.0000000       0.0000000       0.0000000
3120.0000000        1.0000000       0.0000000       0.0000000
3130.0000000        1.0000000       0.0000000       0.0000000
3140.0000000        1.0000000       0.0000000       0.0000000
3150.0000000        1.0000000       0.0000000       0.0000000
3160.0000000        1.0000000       0.0000000       0.0000000
3170.0000000        1.0000000       0.0000000       0.0000000
3180.0000000        1.0000000       0.0000000       0.0000000
3190.0000000        1.0000000       0.0000000       0.0000000
3200.0000000        1.0000000       0.0000000       0.0000000
3210.0000000        1.0000000       0.0000000       0.0000000
3220.0000000        1.0000000       0.0000000       0.0000000
3230.0000000        1.0000000       0.0000000       0.0000000
3240.0000000        1.0000000       0.0000000       0.0000000
3250.0000000        1.0000000       0.0000000       0.0000000
3260.0000000        1.0000000       0.0000000       0.0000000
3270.0000000        1.0000000       0.0000000       0.0000000
3280.0000000        1.0000000       0.0000000       0.0000000
3290.0000000        1.0000000       0.0000000       0.0000000
3300.0000000        1.0000000       0.0000000       0.0000000
3310.0000000        1.0000000       0.0000000       0.0000000
3320.0000000        1.0000000       0.0000000       0.0000000
3330.0000000        1.0000000       0.0000000       0.0000000
3340.0000000        1.0000000       0.0000000       0.0000000
3350.0000000        1.0000000       0.0000000       0.0000000
3360.0000000        1.0000000       0.0000000       0.0000000
3370.0000000        1.0000000       0.0000000       0.0000000
3380.0000000        1.0000000       0.0000000       0.0000000
3390.0000000        1.0000000       0.0000000       0.0000000
3400.0000000        1.0000000       0.0000000       0.0000000
3410.0000000        1.0000000       0.0000000       0.0000000
3420.0000000        1.0000000       0.0000000       0.0000000
3430.0000000        1.0000000       0.0000000       0.0000000
3440.0000000        1.0000000       0.0000000       0.0000000
3450.0000000        1.0000000       0.0000000       0.0000000
3460.0000000        1.0000000       0.0000000       0.0000000
3470.0000000        1.0000000       0.0000000       0.0000000
3480.0000000        1.0000000       0.0000000       0.0000000
3490.0000000        1.0000000       0.0000000       0.0000000
3500.0000000        1.0000000       0.0000000       0.0000000
3510.0000000        1.0000000       0.0000000       0.0000000
3520.0000000        1.0000000       0.0000000       0.0000000
3530.0000000        1.0000000       0.0000000       0.0000000
3540.0000000        1.0000000       0.0000000       0.0000000
3550.0000000        1.0000000       0.0000000       0.0000000
3560.0000000        1.0000000       0.0000000       0.0000000
3570.0000000        1.0000000       0.0000000       0.0000000
3580.0000000        1.0000000       0.0000000       0.0000000
3590.0000000        1.0000000       0.0000000       0.0000000
3600.0000000        1.0000000       0.0000000       0.0000000
3610.0000000        1.0000000       0.0000000       0.0000000
3620.0000000        1.0000000       0.0000000       0.0000000
3630.0000000        1.0000000       0.0000000       0.0000000
3640.0000000        1.0000000       0.0000000       0.0000000
3650.0000000        1.0000000       0.0000000       0.0000000
3660.0000000        1.0000000       0.0000000       0.0000000
3670.0000000        1.0000000       0.0000000       0.0000000
3680.0000000        1.0000000       0.0000000       0.0000000
3690.0000000        1.0000000       0.0000000       0.0000000
3700.0000000        1.0000000       0.0000000       0.0000000
3710.0000000        1.0000000       0.0000000       0.0000000
3720.0000000        1.0000000       0.0000000       0.0000000
3730.0000000        1.0000000       0.0000000       0.0000000
3740.0000000        1.0000000       0.0000000       0.0000000
3750.0000000        1.0000000       0.0000000       0.0000000
3760.0000000        1.0000000       0.0000000       0.0000000
3770.0000000        1.0000000       0.0000000       0.0000000
3780.0000000        1.0000000       0.0000000       0.0000000
3790.0000000        1.0000000       0.0000000       0.0000000
3800.0000000        1.0000000       0.0000000       0.0000000
3810.0000000        1.0000000       0.0000000       0.0000000
3820.0000000        1.0000000       0.0000000       0.0000000
3830.0000000        1.0000000       0.0000000       0.0000000
3840.0000000        1.0000000       0.0000000       0.0000000
3850.0000000        1.0000000       0.0000000       0.0000000
3860.0000000        1.0000000       0.0000000       0.0000000
3870.0000000        1.0000000       0.0000000       0.0000000
3880.0000000        1.0000000       0.0000000       0.0000000
3890.0000000        1.0000000       0.0000000       0.0000000
3900.0000000        1.0000000       0.0000000       0.0000000
3910.0000000        1.0000000       0.0000000       0.0000000
3920.0000000        1.0000000       0.0000000       0.0000000
3930.0000000        1.0000000       0.0000000       0.0000000
3940.0000000        1.0000000       0.0000000       0.0000000
3950.0000000        1.0000000       0.0000000       0.0000000
3960.0000000        1.0000000       0.0000000       0.0000000
3970.0000000        1.0000000       0.0000000       0.0000000
3980.0000000        1.0000000       0.0000000       0.0000000
3990.0000000        1.0000000       0.0000000       0.0000000
4000.0000000        1.0000000       0.0000000       0.0000000
4010.0000000        1.0000000       0.0000000       0.0000000
4020.0000000        1.0000000       0.0000000       0.0000000
4030.0000000        1.0000000       0.0000000       0.0000000
4040.0000000        1.0000000       0.0000000       0.0000000
4050.0000000        1.0000000       0.0000000       0.0000000
4060.0000000        1.0000000       0.0000000       0.0000000
4070.0000000        1.0000000       0.0000000       0.0000000
4080.0000000        1.0000000       0.0000000       0.0000000
4090.0000000        1.0000000       0.0000000       0.0000000
4100.0000000        1.0000000       0.0000000       0.0000000
4110.0000000        1.0000000       0.0000000       0.0000000
4120.0000000        1.0000000       0.0000000       0.0000000
4130.0000000        1.0000000       0.0000000       0.0000000
4140.0000000        1.0000000       0.0000000       0.0000000
4150.0000000        1.0000000       0.0000000       0.0000000
4160.0000000        1.0000000       0.0000000       0.0000000
4170.0000000        1.0000000       0.0000000       0.0000000
4180.0000000        1.0000000       0.0000000       0.0000000
4190.0000000        1.0000000       0.0000000       0.0000000
4200.0000000        1.0000000       0.0000000       0.0000000
4210.0000000        1.0000000       0.0000000       0.0000000
4220.0000000        1.0000000       0.0000000       0.0000000
4230.0000000        1.0000000       0.0000000       0.0000000
4240.0000000        1.0000000       0.0000000       0.0000000
4250.0000000        1.0000000       0.0000000       0.0000000
4260.0000000        1.0000000       0.0000000       0.0000000
4270.0000000        1.0000000       0.0000000       0.0000000
4280.0000000        1.0000000       0.0000000       0.0000000
4290.0000000        1.0000000       0.0000000       0.0000000
4300.0000000        1.0000000       0.0000000       0.0000000
4310.0000000        1.0000000       0.0000000       0.0000000
4320.0000000        1.0000000       0.0000000       0.0000000
4330.0000000        1.0000000       0.0000000       0.0000000
4340.0000000        1.0000000       0.0000000       0.0000000
4350.0000000        1.0000000       0.0000000       0.0000000
4360.0000000        1.0000000       0.0000000       0.0000000
4370.0000000        1.0000000       0.0000000       0.0000000
4380.0000000        1.0000000       0.0000000       0.0000000
4390.0000000        1.0000000       0.0000000       0.0000000
4400.0000000        1.0000000       0.0000000       0.0000000
4410.0000000        1.0000000       0.0000000       0.0000000
4420.0000000        1.0000000       0.0000000       0.0000000
4430.0000000        1.0000000       0.0000000       0.0000000
4440.0000000        1.0000000       0.0000000       0.0000000
4450.0000000        1.0000000       0.0000000       0.0000000
4460.0000000        1.0000000       0.0000000       0.0000000
4470.0000000        1.0000000       0.0000000       0.0000000
4480.0000000        1.0000000       0.0000000       0.0000000
4490.0000000        1.0000000       0.0000000       0.0000000
4500.0000000        1.0000000       0.0000000       0.0000000
4510.0000000        1.0000000       0.0000000       0.0000000
4520.0000000        1.0000000       0.0000000       0.0000000
4530.0000000        1.0000000       0.0000000       0.0000000
4540.0000000        1.0000000       0.0000000       0.0000000
4550.0000000        1.0000000       0.0000000       0.0000000
4560.0000000        1.0000000       0.0000000       0.0000000
4570.0000000        1.0000000       0.0000000       0.0000000
4580.0000000        1.0000000       0.0000000       0.0000000
4590.0000000        1.0000000       0.0000000       0.0000000
4600.0000000        1.0000000       0.0000000       0.0000000
4610.0000000        1.0000000       0.0000000       0.0000000
4620.0000000        1.0000000       0.0000000       0.0000000
4630.0000000        1.0000000       0.0000000       0.0000000
4640.0000000        1.0000000       0.0000000       0.0000000
4650.0000000        1.0000000       0.0000000       0.0000000
4660.0000000        1.0000000       0.0000000       0.0000000
4670.0000000        1.0000000       0.0000000       0.0000000
4680.0000000        1.0000000       0.0000000       0.0000000
4690.0000000        1.0000000       0.0000000       0.0000000
4700.0000000        1.0000000       0.0000000       0.0000000
4710.0000000        1.0000000       0.0000000       0.0000000
4720.0000000        1.0000000       0.0000000       0.0000000
4730.0000000        1.0000000       0.0000000       0.0000000
4740.0000000        1.0000000       0.0000000       0.0000000
4750.0000000        1.0000000       0.0000000       0.0000000
4760.0000000        1.0000000       0.0000000       0.0000000
4770.0000000        1.0000000       0.0000000       0.0000000
4780.0000000        1.0000000       0.0000000       0.0000000
4790.0000000        1.0000000       0.0000000       0.0000000
4800.0000000        1.0000000       0.0000000       0.0000000
4810.0000000        1.0000000       0.0000000       0.0000000
4820.0000000        1.0000000       0.0000000       0.0000000
4830.0000000        1.0000000       0.0000000       0.0000000
4840.0000000        1.0000000       0.0000000       0.0000000
4850.0000000        1.0000000       0.0000000       0.0000000
4860.0000000        1.0000000       0.0000000       0.0000000
4870.0000000        1.0000000       0.0000000       0.0000000
4880.0000000        1.0000000       0.0000000       0.0000000
4890.0000000        1.0000000       0.0000000       0.0000000
4900.0000000        1.0000000       0.0000000       0.0000000
4910.0000000        1.0000000       0.0000000       0.0000000
4920.0000000        1.0000000       0.0000000       0.0000000
4930.0000000        1.0000000       0.0000000       0.0000000
4940.0000000        1.0000000       0.0000000       0.0000000
4950.0000000        1.0000000       0.0000000       0.0000000
4960.0000000        1.0000000       0.0000000       0.0000000
4970.0000000        1.0000000       0.0000000       0.0000000
4980.0000000        1.0000000       0.0000000       0.0000000
4990.0000000        1.0000000       0.0000000       0.0000000
5000.0000000        1.0000000       0.0000000       0.0000000
5010.0000000        1.0000000       0.0000000       0.0000000
5020.0000000        1.0000000       0.0000000       0.0000000
5030.0000000        1.0000000       0.0000000       0.0000000
5040.0000000        1.0000000       0.0000000       0.0000000
5050.0000000        1.0000000       0.0000000       0.0000000
5060.0000000        1.0000000       0.0000000       0.0000000
5070.0000000        1.0000000       0.0000000       0.0000000
5080.0000000        1.0000000       0.0000000       0.0000000
5090.0000000        1.0000000       0.0000000       0.0000000
5100.0000000        1.0000000       0.0000000       0.0000000
5110.0000000        1.0000000       0.0000000       0.0000000
5120.0000000        1.0000000       0.0000000       0.0000000
5130.0000000        1.0000000       0.0000000       0.0000000
5140.0000000        1.0000000       0.0000000       0.0000000
5150.0000000        1.0000000       0.0000000       0.0000000
5160.0000000        1.0000000       0.0000000       0.0000000
5170.0000000        1.0000000       0.0000000       0.0000000
5180.0000000        1.0000000       0.0000000       0.0000000
5190.0000000        1.0000000       0.0000000       0.0000000
5200.0000000        1.0000000       0.0000000       0.0000000
5210.0000000        1.0000000       0.0000000       0.0000000
5220.0000000        1.0000000       0.0000000       0.0000000
5230.0000000        1.0000000       0.0000000       0.0000000
5240.0000000        1.0000000       0.0000000       0.0000000
5250.0000000        1.0000000       0.0000000       0.0000000
5260.0000000        1.0000000       0.0000000       0.0000000
5270.0000000        1.0000000       0.0000000       0.0000000
5280.0000000        1.0000000       0.0000000       0.0000000
5290.0000000        1.0000000       0.0000000       0.0000000
5300.0000000        1.0000000       0.0000000       0.0000000
5310.0000000        1.0000000       0.0000000       0.0000000
5320.0000000        1.0000000       0.0000000       0.0000000
5330.0000000        1.0000000       0.0000000       0.0000000
5340.0000000        1.0000000       0.0000000       0.0000000
5350.0000000        1.0000000       0.0000000       0.0000000
5360.0000000        1.0000000       0.0000000       0.0000000
5370.0000000        1.0000000       0.0000000       0.0000000
5380.0000000        1.0000000       0.0000000       0.0000000
5390.0000000        1.0000000       0.0000000       0.0000000
5400.0000000        1.0000000       0.0000000       0.0000000
5410.0000000        1.0000000       0.0000000       0.0000000
5420.0000000        1.0000000       0.0000000       0.0000000
5430.0000000        1.0000000       0.0000000       0.0000000
5440.0000000        1.0000000       0.0000000       0.0000000
5450.0000000        1.0000000       0.0000000       0.0000000
5460.0000000        1.0000000       0.0000000       0.0000000
5470.0000000        1.0000000       0.0000000       0.0000000
5480.0000000        1.0000000       0.0000000       0.0000000
5490.0000000        1.0000000       0.0000000       0.0000000
5500.0000000        1.0000000       0.0000000       0.0000000
5510.0000000        1.0000000       0.0000000       0.0000000
5520.0000000        1.0000000       0.0000000       0.0000000
5530.0000000        1.0000000       0.0000000       0.0000000
5540.0000000        1.0000000       0.0000000       0.0000000
5550.0000000        1.0000000       0.0000000       0.0000000
5560.0000000        1.0000000       0.0000000       0.0000000
5570.0000000        1.0000000       0.0000000       0.0000000
5580.0000000        1.0000000       0.0000000       0.0000000
5590.0000000        1.0000000       0.0000000       0.0000000
5600.0000000        1.0000000       0.0000000       0.0000000
5610.0000000        1.0000000       0.0000000       0.0000000
5620.0000000        1.0000000       0.0000000       0.0000000
5630.0000000        1.0000000       0.0000000       0.0000000
5640.0000000        1.0000000       0.0000000       0.0000000
5650.0000000        1.0000000       0.0000000       0.0000000
5660.0000000        1.0000000       0.0000000       0.0000000
5670.0000000        1.0000000       0.0000000       0.0000000
5680.0000000        1.0000000       0.0000000       0.0000000
5690.0000000        1.0000000       0.0000000       0.0000000
5700.0000000        1.0000000       0.0000000       0.0000000
5710.0000000        1.0000000       0.0000000       0.0000000
5720.0000000        1.0000000       0.0000000       0.0000000
5730.0000000        1.0000000       0.0000000       0.0000000
5740.0000000        1.0000000       0.0000000       0.0000000
5750.0000000        1.0000000       0.0000000       0.0000000
5760.0000000        1.0000000       0.0000000       0.0000000
5770.0000000        1.0000000       0.0000000       0.0000000
5780.0000000        1.0000000       0.0000000       0.0000000
5790.0000000        1.0000000       0.0000000       0.0000000
5800.0000000        1.0000000       0.0000000       0.0000000
5810.0000000        1.0000000       0.0000000       0.0000000
5820.0000000        1.0000000       0.0000000       0.0000000
5830.0000000        1.0000000       0.0000000       0.0000000
5840.0000000        1.0000000       0.0000000       0.0000000
5850.0000000        1.0000000       0.0000000       0.0000000
5860.0000000        1.0000000       0.0000000       0.0000000
5870.0000000        1.0000000       0.0000000       0.0000000
5880.0000000        1.0000000       0.0000000       0.0000000
5890.0000000        1.0000000       0.0000000       0.0000000
5900.0000000        1.0000000       0.0000000       0.0000000
5910.0000000        1.0000000       0.0000000       0.0000000
5920.0000000        1.0000000       0.0000000       0.0000000
5930.0000000        1.0000000       0.0000000       0.0000000
5940.0000000        1.0000000       0.0000000       0.0000000
5950.0000000        1.0000000       0.0000000       0.0000000
5960.0000000        1.0000000       0.0000000       0.0000000
5970.0000000        1.0000000       0.0000000       0.0000000
5980.0000000        1.0000000       0.0000000       0.0000000
5990.0000000        1.0000000       0.0000000       0.0000000
6000.0000000        1.0000000       0.0000000       0.0000000
6010.0000000        1.0000000       0.0000000       0.0000000
6020.0000000        1.0000000       0.0000000       0.0000000
6030.0000000        1.0000000       0.0000000       0.0000000
6040.0000000        1.0000000       0.0000000       0.0000000
6050.0000000        1.0000000       0.0000000       0.0000000
6060.0000000        1.0000000       0.0000000       0.0000000
6070.0000000        1.0000000       0.0000000       0.0000000
6080.0000000        1.0000000       0.0000000       0.0000000
6090.0000000        1.0000000       0.0000000       0.0000000
6100.0000000        1.0000000       0.0000000       0.0000000
6110.0000000        1.0000000       0.0000000       0.0000000
6120.0000000        1.0000000       0.0000000       0.0000000
6130.0000000        1.0000000       0.0000000       0.0000000
6140.0000000        1.0000000       0.0000000       0.0000000
6150.0000000        1.0000000       0.0000000       0.0000000
6160.0000000        1.0000000       0.0000000       0.0000000
6170.0000000        1.0000000       0.0000000       0.0000000
6180.0000000        1.0000000       0.0000000       0.0000000
6190.0000000        1.0000000       0.0000000       0.0000000
6200.0000000        1.0000000       0.0000000       0.0000000
6210.0000000        1.0000000       0.0000000       0.0000000
6220.0000000        1.0000000       0.0000000       0.0000000
6230.0000000        1.0000000       0.0000000       0.0000000
6240.0000000        1.0000000       0.0000000       0.0000000
6250.0000000        1.0000000       0.0000000       0.0000000
6260.0000000        1.0000000       0.0000000       0.0000000
6270.0000000        1.0000000       0.0000000       0.0000000
6280.0000000        1.0000000       0.0000000       0.0000000
6290.0000000        1.0000000       0.0000000       0.0000000
6300.0000000        1.0000000       0.0000000       0.0000000
6310.0000000        1.0000000       0.0000000       0.0000000
6320.0000000        1.0000000       0.0000000       0.0000000
6330.0000000        1.0000000       0.0000000       0.0000000
6340.0000000        1.0000000       0.0000000       0.0000000
6350.0000000        1.0000000       0.0000000       0.0000000
6360.0000000        1.0000000       0.0000000       0.0000000
6370.0000000        1.0000000       0.0000000       0.0000000
6380.0000000        1.0000000       0.0000000       0.0000000
6390.0000000        1.0000000       0.0000000       0.0000000
6400.0000000        1.0000000       0.0000000       0.0000000
6410.0000000        1.0000000       0.0000000       0.0000000
6420.0000000        1.0000000       0.0000000       0.0000000
6430.0000000        1.0000000       0.0000000       0.0000000
6440.0000000        1.0000000       0.0000000       0.0000000
6450.0000000        1.0000000       0.0000000       0.0000000
6460.0000000        1.0000000       0.0000000       0.0000000
6470.0000000        1.0000000       0.0000000       0.0000000
6480.0000000        1.0000000       0.0000000       0.0000000
6490.0000000        1.0000000       0.0000000       0.0000000
6500.0000000        1.0000000       0.0000000       0.0000000
6510.0000000        1.0000000       0.0000000       0.0000000
6520.0000000        1.0000000       0.0000000       0.0000000
6530.0000000        1.0000000       0.0000000       0.0000000
6540.0000000        1.0000000       0.0000000       0.0000000
6550.0000000        1.0000000       0.0000000       0.0000000
6560.0000000        1.0000000       0.0000000       0.0000000
6570.0000000        1.0000000       0.0000000       0.0000000
6580.0000000        1.0000000       0.0000000       0.0000000
6590.0000000        1.0000000       0.0000000       0.0000000
6600.0000000        1.0000000       0.0000000       0.0000000
6610.0000000        1.0000000       0.0000000       0.0000000
6620.0000000        1.0000000       0.0000000       0.0000000
6630.0000000        1.0000000       0.0000000       0.0000000
6640.0000000        1.0000000       0.0000000       0.0000000
6650.0000000        1.0000000       0.0000000       0.0000000
6660.0000000        1.0000000       0.0000000       0.0000000
6670.0000000        1.0000000       0.0000000       0.0000000
6680.0000000        1.0000000       0.0000000       0.0000000
6690.0000000        1.0000000       0.0000000       0.0000000
6700.0000000        1.0000000       0.0000000       0.0000000
6710.0000000        1.0000000       0.0000000       0.0000000
6720.0000000        1.0000000       0.0000000       0.0000000
6730.0000000        1.0000000       0.0000000       0.0000000
6740.0000000        1.0000000       0.0000000       0.0000000
6750.0000000        1.0000000       0.0000000       0.0000000
6760.0000000        1.0000000       0.0000000       0.0000000
6770.0000000        1.0000000       0.0000000       0.0000000
6780.0000000        1.0000000       0.0000000       0.0000000
6790.0000000        1.0000000       0.0000000       0.0000000
6800.0000000        1.0000000       0.0000000       0.0000000
6810.0000000        1.0000000       0.0000000       0.0000000
6820.0000000        1.0000000       0.0000000       0.0000000
6830.0000000        1.0000000       0.0000000       0.0000000
6840.0000000        1.0000000       0.0000000       0.0000000
6850.0000000        1.0000000       0.0000000       0.0000000
6860.0000000        1.0000000       0.0000000       0.0000000
6870.0000000        1.0000000       0.0000000       0.0000000
6880.0000000        1.0000000       0.0000000       0.0000000
6890.0000000        1.0000000       0.0000000       0.0000000
6900.0000000        1.0000000       0.0000000       0.0000000
6910.0000000        1.0000000       0.0000000       0.0000000
6920.0000000        1.0000000       0.0000000       0.0000000
6930.0000000        1.0000000       0.0000000       0.0000000
6940.0000000        1.0000000       0.0000000       0.0000000
6950.0000000        1.0000000       0.0000000       0.0000000
6960.0000000        1.0000000       0.0000000       0.0000000
6970.0000000        1.0000000       0.0000000       0.0000000
6980.0000000        1.0000000       0.0000000       0.0000000
6990.0000000        1.0000000       0.0000000       0.0000000
7000.0000000        1.0000000       0.0000000       0.0000000
7010.0000000        1.0000000       0.0000000       0.0000000
7020.0000000        1.0000000       0.0000000       0.0000000
7030.0000000        1.0000000       0.0000000       0.0000000
7040.0000000        1.0000000       0.0000000       0.0000000
7050.0000000        1.0000000       0.0000000       0.0000000
7060.0000000        1.0000000       0.0000000       0.0000000
7070.0000000        1.0000000       0.0000000       0.0000000
7080.0000000        1.0000000       0.0000000       0.0000000
7090.0000000        1.0000000       0.0000000       0.0000000
7100.0000000        1.0000000       0.0000000       0.0000000
7110.0000000        1.0000000       0.0000000       0.0000000
7120.0000000        1.0000000       0.0000000       0.0000000
7130.0000000        1.0000000       0.0000000       0.0000000
7140.0000000        1.0000000       0.0000000       0.0000000
7150.0000000        1.0000000       0.0000000       0.0000000
7160.0000000        1.0000000       0.0000000       0.0000000
7170.0000000        1.0000000       0.0000000       0.0000000
7180.0000000        1.0000000       0.0000000       0.0000000
7190.0000000        1.0000000       0.0000000       0.0000000
7200.0000000        1.0000000       0.0000000       0.0000000
7210.0000000        1.0000000       0.0000000       0.0000000
7220.0000000        1.0000000       0.0000000       0.0000000
7230.0000000        1.0000000       0.0000000       0.0000000
7240.0000000        1.0000000       0.0000000       0.0000000
7250.0000000        1.0000000       0.0000000       0.0000000
7260.0000000        1.0000000       0.0000000       0.0000000
7270.0000000        1.0000000       0.0000000       0.0000000
7280.0000000        1.0000000       0.0000000       0.0000000
7290.0000000        1.0000000       0.0000000       0.0000000
7300.0000000        1.0000000       0.0000000       0.0000000
7310.0000000        1.0000000       0.0000000       0.0000000
7320.0000000        1.0000000       0.0000000       0.0000000
7330.0000000        1.0000000       0.0000000       0.0000000
7340.0000000        1.0000000       0.0000000       0.0000000
7350.0000000        1.0000000       0.0000000       0.0000000
7360.0000000        1.0000000       0.0000000       0.0000000
7370.0000000        1.0000000       0.0000000       0.0000000
7380.0000000        1.0000000       0.0000000       0.0000000
7390.0000000        1.0000000       0.0000000       0.0000000
7400.0000000        1.0000000       0.0000000       0.0000000
7410.0000000        1.0000000       0.0000000       0.0000000
7420.0000000        1.0000000       0.0000000       0.0000000
7430.0000000        1.0000000       0.0000000       0.0000000
7440.0000000        1.0000000       0.0000000       0.0000000
7450.0000000        1.0000000       0.0000000       0.0000000
7460.0000000        1.0000000       0.0000000       0.0000000
7470.0000000        1.0000000       0.0000000       0.0000000
7480.0000000        1.0000000       0.0000000       0.0000000
7490.0000000        1.0000000       0.0000000       0.0000000
7500.0000000        1.0000000       0.0000000       0.0000000
7510.0000000        1.0000000       0.0000000       0.0000000
7520.0000000        1.0000000       0.0000000       0.0000000
7530.0000000        1.0000000       0.0000000       0.0000000
7540.0000000        1.0000000       0.0000000       0.0000000
7550.0000000        1.0000000       0.0000000       0.0000000
7560.0000000        1.0000000       0.0000000       0.0000000
7570.0000000        1.0000000       0.0000000       0.0000000
7580.0000000        1.0000000       0.0000000       0.0000000
7590.0000000        1.0000000       0.0000000       0.0000000
7600.0000000        1.0000000       0.0000000       0.0000000
7610.0000000        1.0000000       0.0000000       0.0000000
7620.0000000        1.0000000       0.0000000       0.0000000
7630.0000000        1.0000000       0.0000000       0.0000000
7640.0000000        1.0000000       0.0000000       0.0000000
7650.0000000        1.0000000       0.0000000       0.0000000
7660.0000000        1.0000000       0.0000000       0.0000000
7670.0000000        1.0000000       0.0000000       0.0000000
7680.0000000        1.0000000       0.0000000       0.0000000
7690.0000000        1.0000000       0.0000000       0.0000000
7700.0000000        1.0000000       0.0000000       0.0000000
7710.0000000        1.0000000       0.0000000       0.0000000
7720.0000000        1.0000000       0.0000000       0.0000000
7730.0000000        1.0000000       0.0000000       0.0000000
7740.0000000        1.0000000       0.0000000       0.0000000
7750.0000000        1.0000000       0.0000000       0.0000000
7760.0000000        1.0000000       0.0000000       0.0000000
7770.0000000        1.0000000       0.0000000       0.0000000
7780.0000000        1.0000000       0.0000000       0.0000000
7790.0000000        1.0000000       0.0000000       0.0000000
7800.0000000        1.0000000       0.0000000       0.0000000
7810.0000000        1.0000000       0.0000000       0.0000000
7820.0000000        1.0000000       0.0000000       0.0000000
7830.0000000        1.0000000       0.0000000       0.0000000
7840.0000000        1.0000000       0.0000000       0.0000000
7850.0000000        1.0000000       0.0000000       0.0000000
7860.0000000        1.0000000       0.0000000       0.0000000
7870.0000000        1.0000000       0.0000000       0.0000000
7880.0000000        1.0000000       0.0000000       0.0000000
7890.0000000        1.0000000       0.0000000       0.0000000
7900.0000000        1.0000000       0.0000000       0.0000000
7910.0000000        1.0000000       0.0000000       0.0000000
7920.0000000        1.0000000       0.0000000       0.0000000
7930.0000000        1.0000000       0.0000000       0.0000000
7940.0000000        1.0000000       0.0000000       0.0000000
7950.0000000        1.0000000       0.0000000       0.0000000
7960.0000000        1.0000000       0.0000000       0.0000000
7970.0000000        1.0000000       0.0000000       0.0000000
7980.0000000        1.0000000       0.0000000       0.0000000
7990.0000000        1.0000000       0.0000000       0.0000000
8000.0000000        1.0000000       0.0000000       0.0000000
8010.0000000        1.0000000       0.0000000       0.0000000
8020.0000000        1.0000000       0.0000000       0.0000000
8030.0000000        1.0000000       0.0000000       0.0000000
8040.0000000        1.0000000       0.0000000       0.0000000
8050.0000000        1.0000000       0.0000000       0.0000000
8060.0000000        1.0000000       0.0000000       0.0000000
8070.0000000        1.0000000       0.0000000       0.0000000
8080.0000000        1.0000000       0.0000000       0.0000000
8090.0000000        1.0000000       0.0000000       0.0000000
8100.0000000        1.0000000       0.0000000       0.0000000
8110.0000000        1.0000000       0.0000000       0.0000000
8120.0000000        1.0000000       0.0000000       0.0000000
8130.0000000        1.0000000       0.0000000       0.0000000
8140.0000000        1.0000000       0.0000000       0.0000000
8150.0000000        1.0000000       0.0000000       0.0000000
8160.0000000        1.0000000       0.0000000       0.0000000
8170.0000000        1.0000000       0.0000000       0.0000000
8180.0000000        1.0000000       0.0000000       0.0000000
8190.0000000        1.0000000       0.0000000       0.0000000
8200.0000000        1.0000000       0.0000000       0.0000000
8210.0000000        1.0000000       0.0000000       0.0000000
8220.0000000        1.0000000       0.0000000       0.0000000
8230.0000000        1.0000000       0.0000000       0.0000000
8240.0000000        1.0000000       0.0000000       0.0000000
8250.0000000        1.0000000       0.0000000       0.0000000
8260.0000000        1.0000000       0.0000000       0.0000000
8270.0000000        1.0000000       0.0000000       0.0000000
8280.0000000        1.0000000       0.0000000       0.0000000
8290.0000000        1.0000000       0.0000000       0.0000000
8300.0000000        1.0000000       0.0000000       0.0000000
8310.0000000        1.0000000       0.0000000       0.0000000
8320.0000000        1.0000000       0.0000000       0.0000000
8330.0000000        1.0000000       0.0000000       0.0000000
8340.0000000        1.0000000       0.0000000       0.0000000
8350.0000000        1.0000000       0.0000000       0.0000000
8360.0000000        1.0000000       0.0000000       0.0000000
8370.0000000        1.0000000       0.0000000       0.0000000
8380.0000000        1.0000000       0.0000000       0.0000000
8390.0000000        1.0000000       0.0000000       0.0000000
8400.0000000        1.0000000       0.0000000       0.0000000
8410.0000000        1.0000000       0.0000000       0.0000000
8420.0000000        1.0000000       0.0000000       0.0000000
8430.0000000        1.0000000       0.0000000       0.0000000
8440.0000000        1.0000000       0.0000000       0.0000000
8450.0000000        1.0000000       0.0000000       0.0000000
8460.0000000        1.0000000       0.0000000       0.0000000
8470.0000000        1.0000000       0.0000000       0.0000000
8480.0000000        1.0000000       0.0000000       0.0000000
8490.0000000        1.0000000       0.0000000       0.0000000
8500.0000000        1.0000000       0.0000000       0.0000000
8510.0000000        1.0000000       0.0000000       0.0000000
8520.0000000        1.0000000       0.0000000       0.0000000
8530.0000000        1.0000000       0.0000000       0.0000000
8540.0000000        1.0000000       0.0000000       0.0000000
8550.0000000        1.0000000       0.0000000       0.0000000
8560.0000000        1.0000000       0.0000000       0.0000000
8570.0000000        1.0000000       0.0000000       0.0000000
8580.0000000        1.0000000       0.0000000       0.0000000
8590.0000000        1.0000000       0.0000000       0.0000000
8600.0000000        1.0000000       0.0000000       0.0000000
8610.0000000        1.0000000       0.0000000       0.0000000
8620.0000000        1.0000000       0.0000000       0.0000000
8630.0000000        1.0000000       0.0000000       0.0000000
8640.0000000        1.0000000       0.0000000       0.0000000
8650.0000000        1.0000000       0.0000000       0.0000000
8660.0000000        1.0000000       0.0000000       0.0000000
8670.0000000        1.0000000       0.0000000       0.0000000
8680.0000000        1.0000000       0.0000000       0.0000000
8690.0000000        1.0000000       0.0000000       0.0000000
8700.0000000        1.0000000       0.0000000       0.0000000
8710.0000000        1.0000000       0.0000000       0.0000000
8720.0000000        1.0000000       0.0000000       0.0000000
8730.0000000        1.0000000       0.0000000       0.0000000
8740.0000000        1.0000000       0.0000000       0.0000000
8750.0000000        1.0000000       0.0000000       0.0000000
8760.0000000        1.0000000       0.0000000       0.0000000
8770.0000000        1.0000000       0.0000000       0.0000000
8780.0000000        1.0000000       0.0000000       0.0000000
8790.0000000        1.0000000       0.0000000       0.0000000
8800.0000000        1.0000000       0.0000000       0.0000000
8810.0000000        1.0000000       0.0000000       0.0000000
8820.0000000        1.0000000       0.0000000       0.0000000
8830.0000000        1.0000000       0.0000000       0.0000000
8840.0000000        1.0000000       0.0000000       0.0000000
8850.0000000        1.0000000       0.0000000       0.0000000
8860.0000000        1.0000000       0.0000000       0.0000000
8870.0000000        1.0000000       0.0000000       0.0000000
8880.0000000        1.0000000       0.0000000       0.0000000
8890.0000000        1.0000000       0.0000000       0.0000000
8900.0000000        1.0000000       0.0000000       0.0000000
8910.0000000        1.0000000       0.0000000       0.0000000
8920.0000000        1.0000000       0.0000000       0.0000000
8930.0000000        1.0000000       0.0000000       0.0000000
8940.0000000        1.0000000       0.0000000       0.0000000
8950.0000000        1.0000000       0.0000000       0.0000000
8960.0000000        1.0000000       0.0000000       0.0000000
8970.0000000        1.0000000       0.0000000       0.0000000
8980.0000000        1.0000000       0.0000000       0.0000000
8990.0000000        1.0000000       0.0000000       0.0000000
9000.0000000        1.0000000       0.0000000       0.0000000
9010.0000000        1.0000000       0.0000000       0.0000000
9020.0000000        1.0000000       0.0000000       0.0000000
9030.0000000        1.0000000       0.0000000       0.0000000
9040.0000000        1.0000000       0.0000000       0.0000000
9050.0000000        1.0000000       0.0000000       0.0000000
9060.0000000        1.0000000       0.0000000       0.0000000
9070.0000000        1.0000000       0.0000000       0.0000000
9080.0000000        1.0000000       0.0000000       0.0000000
9090.0000000        1.0000000       0.0000000       0.0000000
9100.0000000        1.0000000       0.0000000       0.0000000
9110.0000000        1.0000000       0.0000000       0.0000000
9120.0000000        1.0000000       0.0000000       0.0000000
9130.0000000        1.0000000       0.0000000       0.0000000
9140.0000000        1.0000000       0.0000000       0.0000000
9150.0000000        1.0000000       0.0000000       0.0000000
9160.0000000        1.0000000       0.0000000       0.0000000
9170.0000000        1.0000000       0.0000000       0.0000000
9180.0000000        1.0000000       0.0000000       0.0000000
9190.0000000        1.0000000       0.0000000       0.0000000
9200.0000000        1.0000000       0.0000000       0.0000000
9210.0000000        1.0000000       0.0000000       0.0000000
9220.0000000        1.0000000       0.0000000       0.0000000
9230.0000000        1.0000000       0.0000000       0.0000000
9240.0000000        1.0000000       0.0000000       0.0000000
9250.0000000        1.0000000       0.0000000       0.0000000
9260.0000000        1.0000000       0.0000000       0.0000000
9270.0000000        1.0000000       0.0000000       0.0000000
9280.0000000        1.0000000       0.0000000       0.0000000
9290.0000000        1.0000000       0.0000000       0.0000000
9300.0000000        1.0000000       0.0000000       0.0000000
9310.0000000        1.0000000       0.0000000       0.0000000
9320.0000000        1.0000000       0.0000000       0.0000000
9330.0000000        1.0000000       0.0000000       0.0000000
9340.0000000        1.0000000       0.0000000       0.0000000
9350.0000000        1.0000000       0.0000000       0.0000000
9360.0000000        1.0000000       0.0000000       0.0000000
9370.0000000        1.0000000       0.0000000       0.0000000
9380.0000000        1.0000000       0.0000000       0.0000000
9390.0000000        1.0000000       0.0000000       0.0000000
9400.0000000        1.0000000       0.0000000       0.0000000
9410.0000000        1.0000000       0.0000000       0.0000000
9420.0000000        1.0000000       0.0000000       0.0000000
9430.0000000        1.0000000       0.0000000       0.0000000
9440.0000000        1.0000000       0.0000000       0.0000000
9450.0000000        1.0000000       0.0000000       0.0000000
9460.0000000        1.0000000       0.0000000       0.0000000
9470.0000000        1.0000000       0.0000000       0.0000000
9480.0000000        1.0000000       0.0000000       0.0000000
9490.0000000        1.0000000       0.0000000       0.0000000
9500.0000000        1.0000000       0.0000000       0.0000000
9510.0000000        1.0000000       0.0000000       0.0000000
9520.0000000        1.0000000       0.0000000       0.0000000
9530.0000000        1.0000000       0.0000000       0.0000000
9540.0000000        1.0000000       0.0000000       0.0000000
9550.0000000        1.0000000       0.0000000       0.0000000
9560.0000000        1.0000000       0.0000000       0.0000000
9570.0000000        1.0000000       0.0000000       0.0000000
9580.0000000        1.0000000       0.0000000       0.0000000
9590.0000000        1.0000000       0.0000000       0.0000000
9600.0000000        1.0000000       0.0000000       0.0000000
9610.0000000        1.0000000       0.0000000       0.0000000
9620.0000000        1.0000000       0.0000000       0.0000000
9630.0000000        1.0000000       0.0000000       0.0000000
9640.0000000        1.0000000       0.0000000       0.0000000
9650.0000000        1.0000000       0.0000000       0.0000000
9660.0000000        1.0000000       0.0000000       0.0000000
9670.0000000        1.0000000       0.0000000       0.0000000
9680.0000000        1.0000000       0.0000000       0.0000000
9690.0000000        1.0000000       0.0000000       0.0000000
9700.0000000        1.0000000       0.0000000       0.0000000
9710.0000000        1.0000000       0.0000000       0.0000000
9720.0000000        1.0000000       0.0000000       0.0000000
9730.0000000        1.0000000       0.0000000       0.0000000
9740.0000000        1.0000000       0.0000000       0.0000000
9750.0000000        1.0000000       0.0000000       0.0000000
9760.0000000        1.0000000       0.0000000       0.0000000
9770.0000000        1.0000000       0.0000000       0.0000000
9780.0000000        1.0000000       0.0000000       0.0000000
9790.0000000        1.0000000       0.0000000       0.0000000
9800.0000000        1.0000000       0.0000000       0.0000000
9810.0000000        1.0000000       0.0000000       0.0000000
9820.0000000        1.0000000       0.0000000       0.0000000
9830.0000000        1.0000000       0.0000000       0.0000000
9840.0000000        1.0000000       0.0000000       0.0000000
9850.0000000        1.0000000       0.0000000       0.0000000
9860.0000000        1.0000000       0.0000000       0.0000000
9870.0000000        1.0000000       0.0000000       0.0000000
9880.0000000        1.0000000       0.0000000       0.0000000
9890.0000000        1.0000000       0.0000000       0.0000000
9900.0000000        1.0000000       0.0000000       0.0000000
9910.0000000        1.0000000       0.0000000       0.0000000
9920.0000000        1.0000000       0.0000000       0.0000000
9930.0000000        1.0000000       0.0000000       0.0000000
9940.0000000        1.0000000       0.0000000       0.0000000
9950.0000000        1.0000000       0.0000000       0.0000000
9960.0000000        1.0000000       0.0000000       0.0000000
9970.0000000        1.0000000       0.0000000       0.0000000
9980.0000000        1.0000000       0.0000000       0.0000000
9990.0000000        1.0000000       0.0000000       0.0000000
10000.0000000       1.0000000       0.0000000       0.0000000
# -----------------------------------------------------------